{"nodes": [{"i": 0, "slug": "a-visual-translation-of-the-pandemic", "title": "A Visual Translation of the Pandemic", "url": "/a-visual-translation-of-the-pandemic"}, {"i": 1, "slug": "advanced-interface-design-for-iiif-a-digital-tool-to-explore-image-collections-at-different-scales", "title": "Advanced Interface Design for IIIF: A Digital Tool to Explore Image Collections at Different Scales", "url": "/advanced-interface-design-for-iiif-a-digital-tool-to-explore-image-collections-at-different-scales"}, {"i": 2, "slug": "ai-generated-images-for-representing-individuals-navigating-the-thin-line-between-care-and-bias", "title": "AI-Generated Images for Representing Individuals: Navigating the Thin Line between Care and Bias", "url": "/ai-generated-images-for-representing-individuals-navigating-the-thin-line-between-care-and-bias"}, {"i": 3, "slug": "alfabetizzazione-delle-reti-come-comprendere-progettare-e-leggere-modelli-relazionali-visivi", "title": "Alfabetizzazione delle reti: Come comprendere, progettare e leggere modelli relazionali visivi", "url": "/alfabetizzazione-delle-reti-come-comprendere-progettare-e-leggere-modelli-relazionali-visivi"}, {"i": 4, "slug": "archives-museums-and-installations-aldo-rossis-legacy-in-digital-transition", "title": "Archives, Museums, and Installations: Aldo Rossi's Legacy in Digital Transition", "url": "/archives-museums-and-installations-aldo-rossis-legacy-in-digital-transition"}, {"i": 5, "slug": "ars-memorativa-as-the-genesis-of-information-design-a-conversation-with-manuel-lima", "title": "Ars Memorativa as the Genesis of Information Design: A Conversation with Manuel Lima", "url": "/ars-memorativa-as-the-genesis-of-information-design-a-conversation-with-manuel-lima"}, {"i": 6, "slug": "big-data-and-the-little-big-bang-an-epistemological-revolution", "title": "Big Data and the Little Big Bang: An Epistemological (r)Evolution", "url": "/big-data-and-the-little-big-bang-an-epistemological-revolution"}, {"i": 7, "slug": "choreography-design-and-technology-an-interview-with-lins-derry-from-the-metalab-at-harvard", "title": "Choreography, Design, and Technology: An Interview with Lins Derry from the metaLAB (at) Harvard", "url": "/choreography-design-and-technology-an-interview-with-lins-derry-from-the-metalab-at-harvard"}, {"i": 8, "slug": "collective-care-visap-25-catalog", "title": "Collective Care: VISAP '25 Catalog", "url": "/collective-care-visap-25-catalog"}, {"i": 9, "slug": "covic-collecting-visualizations-of-covid-19-to-outline-a-space-of-possibilities", "title": "COVIC: Collecting Visualizations of COVID-19 to Outline a Space of Possibilities", "url": "/covic-collecting-visualizations-of-covid-19-to-outline-a-space-of-possibilities"}, {"i": 10, "slug": "digital-habitus-or-personalization-without-personality", "title": "Digital Habitus or Personalization without Personality", "url": "/digital-habitus-or-personalization-without-personality"}, {"i": 11, "slug": "drawing-network-visualizations-on-a-continuous-spherical-surface", "title": "Drawing Network Visualizations on a Continuous, Spherical Surface", "url": "/drawing-network-visualizations-on-a-continuous-spherical-surface"}, {"i": 12, "slug": "ethical-and-aesthetical-questions-on-stock-images-the-case-of-ais-depictions", "title": "Ethical and Aesthetical Questions on Stock Images: The Case of AI’s Depictions", "url": "/ethical-and-aesthetical-questions-on-stock-images-the-case-of-ais-depictions"}, {"i": 13, "slug": "experiments-of-network-literacy-for-urban-designers-bridging-information-design-and-spatial-morphology", "title": "Experiments of Network Literacy for Urban Designers: Bridging Information Design and Spatial Morphology", "url": "/experiments-of-network-literacy-for-urban-designers-bridging-information-design-and-spatial-morphology"}, {"i": 14, "slug": "extending-museum-beyond-physical-space-a-data-driven-study-of-aldo-rossis-analogous-city-as-a-mobile-museum-object", "title": "Extending Museum beyond Physical Space: A Data-Driven Study of Aldo Rossi's Analogous City as a Mobile Museum Object", "url": "/extending-museum-beyond-physical-space-a-data-driven-study-of-aldo-rossis-analogous-city-as-a-mobile-museum-object"}, {"i": 15, "slug": "four-guiding-principles-for-rethinking-organizational-charts", "title": "Four Guiding Principles for Rethinking Organizational Charts", "url": "/four-guiding-principles-for-rethinking-organizational-charts"}, {"i": 16, "slug": "from-wisdom-to-data-philosophical-atlas-on-visual-representations-of-knowledge", "title": "From Wisdom to Data: Philosophical Atlas on Visual Representations of Knowledge", "url": "/from-wisdom-to-data-philosophical-atlas-on-visual-representations-of-knowledge"}, {"i": 17, "slug": "grounding-ai-exploring-the-role-of-algorithms-in-science", "title": "Grounding AI: Exploring the Role of Algorithms in Science", "url": "/grounding-ai-exploring-the-role-of-algorithms-in-science"}, {"i": 18, "slug": "grounding-ai-map-the-consequences-of-living-with-the-trouble-of-an-irreductionist-map", "title": "Grounding AI Map: The Consequences of Living with the Trouble of an Irreductionist Map", "url": "/grounding-ai-map-the-consequences-of-living-with-the-trouble-of-an-irreductionist-map"}, {"i": 19, "slug": "immaginare-gesti-barriera-contro-il-ritorno-alla-produzione-pre-crisi", "title": "Immaginare gesti-barriera contro il ritorno alla produzione pre-crisi", "url": "/immaginare-gesti-barriera-contro-il-ritorno-alla-produzione-pre-crisi"}, {"i": 20, "slug": "immersive-architectures-for-visual-data-literacy", "title": "Immersive Architectures for Visual Data Literacy", "url": "/immersive-architectures-for-visual-data-literacy"}, {"i": 21, "slug": "in-praise-of-visual-representation-an-inquiry-into-text-analysis-and-network-visualization-for-charting-scientific-communities", "title": "In Praise of Visual Representation: An Inquiry into Text Analysis and Network Visualization for Charting Scientific Communities", "url": "/in-praise-of-visual-representation-an-inquiry-into-text-analysis-and-network-visualization-for-charting-scientific-communities"}, {"i": 22, "slug": "living-library-of-trees-mapping-knowledge-ecology-in-arnold-arboretum", "title": "Living Library of Trees: Mapping Knowledge Ecology in Arnold Arboretum", "url": "/living-library-of-trees-mapping-knowledge-ecology-in-arnold-arboretum"}, {"i": 23, "slug": "making-visible-the-invisible-work-of-scientists-during-the-covid-19-pandemic", "title": "Making Visible the Invisible Work of Scientists during the COVID-19 Pandemic", "url": "/making-visible-the-invisible-work-of-scientists-during-the-covid-19-pandemic"}, {"i": 24, "slug": "mapping-affinities-democratizing-data-visualization", "title": "Mapping Affinities: Democratizing Data Visualization", "url": "/mapping-affinities-democratizing-data-visualization"}, {"i": 25, "slug": "mapping-affinities-in-academic-organizations", "title": "Mapping Affinities in Academic Organizations", "url": "/mapping-affinities-in-academic-organizations"}, {"i": 26, "slug": "mapping-as-a-contemporary-instrument-for-orientation-in-conferences", "title": "Mapping as a Contemporary Instrument for Orientation in Conferences", "url": "/mapping-as-a-contemporary-instrument-for-orientation-in-conferences"}, {"i": 27, "slug": "mapping-techniques-for-an-automated-library-classification-the-case-study-of-library-loans-at-bibliotheca-hertziana", "title": "Mapping Techniques for an Automated Library Classification: The Case Study of Library Loans at Bibliotheca Hertziana", "url": "/mapping-techniques-for-an-automated-library-classification-the-case-study-of-library-loans-at-bibliotheca-hertziana"}, {"i": 28, "slug": "moving-pictures-of-thought-extracting-visual-knowledge-in-charles-s-peirce-s-manuscripts-with-vision-language-models", "title": "Moving Pictures of Thought: Extracting Visual Knowledge in Charles S. Peirce’s Manuscripts with Vision-Language Models", "url": "/moving-pictures-of-thought-extracting-visual-knowledge-in-charles-s-peirce-s-manuscripts-with-vision-language-models"}, {"i": 29, "slug": "network-literacy-how-to-understand-design-and-read-a-visual-relational-model", "title": "Network Literacy: How to Understand, Design, and Read a Visual Relational Model", "url": "/network-literacy-how-to-understand-design-and-read-a-visual-relational-model"}, {"i": 30, "slug": "orchestrating-cultural-heritage-exploring-the-automated-analysis-and-organization-of-charles-s-peirce-s-pap-manuscript", "title": "Orchestrating Cultural Heritage: Exploring the Automated Analysis and Organization of Charles S. Peirce’s PAP Manuscript", "url": "/orchestrating-cultural-heritage-exploring-the-automated-analysis-and-organization-of-charles-s-peirce-s-pap-manuscript"}, {"i": 31, "slug": "peirce-interprets-peirce-digitization-automation-and-interpretation-in-charles-peirce-s-manuscripts", "title": "Peirce Interprets Peirce: Digitization, Automation, and Interpretation in Charles Peirce’s Manuscripts", "url": "/peirce-interprets-peirce-digitization-automation-and-interpretation-in-charles-peirce-s-manuscripts"}, {"i": 32, "slug": "printing-walkable-visualizations", "title": "Printing Walkable Visualizations", "url": "/printing-walkable-visualizations"}, {"i": 33, "slug": "self-recognition-in-data-visualization-how-individuals-see-themselves-in-visual-representations", "title": "Self-Recognition in Data Visualization: How Individuals See Themselves in Visual Representations", "url": "/self-recognition-in-data-visualization-how-individuals-see-themselves-in-visual-representations"}, {"i": 34, "slug": "super-vision-tracing-epfl-history-through-8000-doctoral-theses", "title": "Super-Vision: Tracing EPFL History through 8,000 Doctoral Theses", "url": "/super-vision-tracing-epfl-history-through-8000-doctoral-theses"}, {"i": 35, "slug": "surprise-machines-revealing-harvard-art-museums-image-collection", "title": "Surprise Machines: Revealing Harvard Art Museums’ Image Collection", "url": "/surprise-machines-revealing-harvard-art-museums-image-collection"}, {"i": 36, "slug": "the-analogous-city-the-map", "title": "The Analogous City, the Map", "url": "/the-analogous-city-the-map"}, {"i": 37, "slug": "the-hermeneutic-circle-of-data-visualization-the-case-study-of-the-affinity-map", "title": "The Hermeneutic Circle of Data Visualization: The Case Study of the Affinity Map", "url": "/the-hermeneutic-circle-of-data-visualization-the-case-study-of-the-affinity-map"}, {"i": 38, "slug": "visualizing-as-a-form-of-collective-care", "title": "Visualizing as a Form of Collective Care", "url": "/visualizing-as-a-form-of-collective-care"}, {"i": 39, "slug": "weather-map-a-diachronic-visual-model-for-controversy-mapping", "title": "Weather Map: A Diachronic Visual Model for Controversy Mapping", "url": "/weather-map-a-diachronic-visual-model-for-controversy-mapping"}], "similarity": [[0.0, 0.2857, 0.3391, 0.409, 0.2265, 0.3033, 0.1308, 0.1747, 0.3535, 0.5225, 0.2813, 0.3469, 0.3342, 0.2389, 0.2125, 0.2049, 0.4563, 0.1934, 0.3556, 0.1891, 0.5821, 0.4586, 0.1482, 0.6447, 0.3611, 0.2003, 0.4037, 0.3188, 0.3348, 0.3058, 0.1661, 0.3379, 0.3133, 0.3311, 0.3312, 0.3086, 0.2945, 0.3535, 0.3407, 0.3914], [0.2857, 0.0, 0.437, 0.4806, 0.403, 0.5269, 0.2753, 0.3372, 0.3325, 0.4306, 0.3908, 0.3997, 0.4521, 0.3902, 0.4139, 0.4061, 0.5012, 0.2042, 0.4778, -0.0009, 0.5054, 0.4456, 0.3192, 0.4056, 0.4766, 0.3751, 0.4524, 0.5123, 0.524, 0.3552, 0.4246, 0.4068, 0.3949, 0.4541, 0.4631, 0.6087, 0.4795, 0.4907, 0.3452, 0.4338], [0.3391, 0.437, 0.0, 0.4821, 0.2836, 0.3713, 0.2444, 0.4138, 0.5476, 0.4052, 0.4772, 0.5026, 0.5599, 0.3706, 0.2609, 0.4518, 0.5143, 0.3325, 0.4473, 0.1254, 0.5056, 0.534, 0.148, 0.4451, 0.4166, 0.1694, 0.3897, 0.2999, 0.3314, 0.4088, 0.165, 0.263, 0.3648, 0.5186, 0.3409, 0.4058, 0.2969, 0.4842, 0.5793, 0.4446], [0.409, 0.4806, 0.4821, 0.0, 0.2792, 0.4341, 0.2893, 0.3484, 0.5685, 0.4429, 0.4853, 0.693, 0.38, 0.6417, 0.2924, 0.5814, 0.5755, 0.3164, 0.4951, 0.0497, 0.4869, 0.7013, 0.2839, 0.6261, 0.5859, 0.3826, 0.4903, 0.4826, 0.481, 0.8539, 0.2912, 0.3795, 0.4292, 0.4784, 0.3655, 0.384, 0.337, 0.6045, 0.5554, 0.5438], [0.2265, 0.403, 0.2836, 0.2792, 0.0, 0.4447, 0.2703, 0.3153, 0.3354, 0.2395, 0.359, 0.3228, 0.3863, 0.4351, 0.6858, 0.25, 0.3473, 0.2116, 0.44, 0.085, 0.3839, 0.3047, 0.4213, 0.2044, 0.3893, 0.2966, 0.3806, 0.3843, 0.3346, 0.1975, 0.4953, 0.4556, 0.2946, 0.4116, 0.4084, 0.5135, 0.6736, 0.3609, 0.3576, 0.3014], [0.3033, 0.5269, 0.3713, 0.4341, 0.4447, 0.0, 0.4151, 0.3645, 0.3851, 0.3845, 0.4616, 0.517, 0.4576, 0.4917, 0.4212, 0.5106, 0.5859, 0.2381, 0.4522, -0.004, 0.4582, 0.4113, 0.2719, 0.3618, 0.5662, 0.4558, 0.4325, 0.3954, 0.4311, 0.415, 0.3264, 0.4492, 0.4235, 0.4439, 0.5492, 0.5055, 0.4872, 0.6047, 0.3842, 0.3825], [0.1308, 0.2753, 0.2444, 0.2893, 0.2703, 0.4151, 0.0, 0.2163, 0.2487, 0.2286, 0.4351, 0.2949, 0.3719, 0.3417, 0.1765, 0.4356, 0.3981, 0.3259, 0.3577, 0.0831, 0.2928, 0.2964, 0.2064, 0.2822, 0.4196, 0.3261, 0.1852, 0.1962, 0.2332, 0.364, 0.2387, 0.443, 0.2008, 0.2585, 0.2793, 0.2864, 0.1951, 0.4596, 0.2668, 0.2777], [0.1747, 0.3372, 0.4138, 0.3484, 0.3153, 0.3645, 0.2163, 0.0, 0.3205, 0.2496, 0.2986, 0.2935, 0.3442, 0.346, 0.2465, 0.2967, 0.3382, 0.2212, 0.2856, 0.0431, 0.3881, 0.2555, 0.1853, 0.1776, 0.3725, 0.1946, 0.2812, 0.1872, 0.2902, 0.3305, 0.1773, 0.3554, 0.4099, 0.4042, 0.3235, 0.3159, 0.2711, 0.3885, 0.3855, 0.2416], [0.3535, 0.3325, 0.5476, 0.5685, 0.3354, 0.3851, 0.2487, 0.3205, 0.0, 0.5481, 0.3765, 0.576, 0.372, 0.422, 0.2304, 0.5327, 0.4842, 0.3389, 0.4147, 0.2546, 0.4863, 0.5401, 0.2977, 0.5315, 0.552, 0.2528, 0.4132, 0.2937, 0.3959, 0.4902, 0.2249, 0.334, 0.3444, 0.4339, 0.3199, 0.3286, 0.2227, 0.5278, 0.9598, 0.386], [0.5225, 0.4306, 0.4052, 0.4429, 0.2395, 0.3845, 0.2286, 0.2496, 0.5481, 0.0, 0.2859, 0.4791, 0.3494, 0.3576, 0.2638, 0.444, 0.4143, 0.2633, 0.4186, 0.1813, 0.6376, 0.4689, 0.2113, 0.636, 0.5438, 0.2675, 0.4653, 0.3619, 0.3945, 0.3766, 0.2241, 0.2413, 0.3998, 0.285, 0.3603, 0.3525, 0.2851, 0.4664, 0.5406, 0.5206], [0.2813, 0.3908, 0.4772, 0.4853, 0.359, 0.4616, 0.4351, 0.2986, 0.3765, 0.2859, 0.0, 0.4267, 0.4743, 0.3725, 0.3395, 0.4604, 0.4976, 0.3513, 0.4815, -0.0168, 0.3469, 0.3879, 0.172, 0.3949, 0.4147, 0.2303, 0.2698, 0.3265, 0.3061, 0.4271, 0.2686, 0.3656, 0.3833, 0.6031, 0.3242, 0.4005, 0.352, 0.5539, 0.4023, 0.383], [0.3469, 0.3997, 0.5026, 0.693, 0.3228, 0.517, 0.2949, 0.2935, 0.576, 0.4791, 0.4267, 0.0, 0.4548, 0.6435, 0.3584, 0.606, 0.5779, 0.3141, 0.4952, -0.0058, 0.5115, 0.6784, 0.2521, 0.5575, 0.6042, 0.3858, 0.5488, 0.4441, 0.4774, 0.6586, 0.2842, 0.3838, 0.5388, 0.4448, 0.406, 0.4283, 0.3631, 0.6012, 0.5584, 0.5473], [0.3342, 0.4521, 0.5599, 0.38, 0.3863, 0.4576, 0.3719, 0.3442, 0.372, 0.3494, 0.4743, 0.4548, 0.0, 0.3878, 0.3876, 0.3354, 0.5997, 0.4512, 0.4378, 0.114, 0.4865, 0.3401, 0.1988, 0.3769, 0.4218, 0.2121, 0.2543, 0.237, 0.3251, 0.3199, 0.1939, 0.3109, 0.3926, 0.4666, 0.4081, 0.51, 0.4196, 0.5334, 0.4298, 0.385], [0.2389, 0.3902, 0.3706, 0.6417, 0.4351, 0.4917, 0.3417, 0.346, 0.422, 0.3576, 0.3725, 0.6435, 0.3878, 0.0, 0.4617, 0.5207, 0.4846, 0.3342, 0.4027, 0.0691, 0.4301, 0.5617, 0.334, 0.3997, 0.5403, 0.3712, 0.4282, 0.3978, 0.3842, 0.6673, 0.2891, 0.3595, 0.3765, 0.3845, 0.3434, 0.3005, 0.4981, 0.5771, 0.429, 0.4633], [0.2125, 0.4139, 0.2609, 0.2924, 0.6858, 0.4212, 0.1765, 0.2465, 0.2304, 0.2638, 0.3395, 0.3584, 0.3876, 0.4617, 0.0, 0.2761, 0.3562, 0.1807, 0.4244, -0.0165, 0.3808, 0.2711, 0.3015, 0.2251, 0.3843, 0.3104, 0.346, 0.3856, 0.2834, 0.2427, 0.4076, 0.2715, 0.374, 0.3234, 0.4524, 0.5006, 0.8071, 0.3464, 0.2696, 0.2896], [0.2049, 0.4061, 0.4518, 0.5814, 0.25, 0.5106, 0.4356, 0.2967, 0.5327, 0.444, 0.4604, 0.606, 0.3354, 0.5207, 0.2761, 0.0, 0.4983, 0.1943, 0.4242, 0.0944, 0.3542, 0.5534, 0.2322, 0.4457, 0.7167, 0.4783, 0.4749, 0.3973, 0.394, 0.6048, 0.3008, 0.3867, 0.3663, 0.4953, 0.3285, 0.3017, 0.2804, 0.7319, 0.5193, 0.4685], [0.4563, 0.5012, 0.5143, 0.5755, 0.3473, 0.5859, 0.3981, 0.3382, 0.4842, 0.4143, 0.4976, 0.5779, 0.5997, 0.4846, 0.3562, 0.4983, 0.0, 0.2983, 0.5152, 0.0835, 0.5004, 0.5314, 0.1654, 0.4888, 0.5579, 0.2846, 0.3992, 0.4105, 0.5505, 0.534, 0.1997, 0.3929, 0.5058, 0.5448, 0.4433, 0.4547, 0.442, 0.5862, 0.492, 0.4604], [0.1934, 0.2042, 0.3325, 0.3164, 0.2116, 0.2381, 0.3259, 0.2212, 0.3389, 0.2633, 0.3513, 0.3141, 0.4512, 0.3342, 0.1807, 0.1943, 0.2983, 0.0, 0.5453, 0.1369, 0.3338, 0.2925, 0.1708, 0.316, 0.2868, 0.2067, 0.158, 0.1637, 0.2138, 0.2964, 0.0625, 0.2041, 0.2423, 0.2474, 0.3028, 0.3245, 0.2012, 0.3657, 0.3836, 0.2739], [0.3556, 0.4778, 0.4473, 0.4951, 0.44, 0.4522, 0.3577, 0.2856, 0.4147, 0.4186, 0.4815, 0.4952, 0.4378, 0.4027, 0.4244, 0.4242, 0.5152, 0.5453, 0.0, -0.0125, 0.5274, 0.5493, 0.357, 0.5083, 0.5236, 0.4299, 0.4753, 0.5118, 0.5418, 0.4636, 0.358, 0.4135, 0.443, 0.4269, 0.5119, 0.5564, 0.4325, 0.4991, 0.4277, 0.4559], [0.1891, -0.0009, 0.1254, 0.0497, 0.085, -0.004, 0.0831, 0.0431, 0.2546, 0.1813, -0.0168, -0.0058, 0.114, 0.0691, -0.0165, 0.0944, 0.0835, 0.1369, -0.0125, 0.0, 0.1458, 0.0594, 0.1233, 0.1602, 0.0751, -0.0158, 0.009, -0.0695, 0.0194, 0.0707, -0.0354, 0.0789, 0.022, 0.0338, -0.0161, -0.0356, 0.044, 0.1352, 0.2717, 0.1051], [0.5821, 0.5054, 0.5056, 0.4869, 0.3839, 0.4582, 0.2928, 0.3881, 0.4863, 0.6376, 0.3469, 0.5115, 0.4865, 0.4301, 0.3808, 0.3542, 0.5004, 0.3338, 0.5274, 0.1458, 0.0, 0.4817, 0.2795, 0.6284, 0.4854, 0.2587, 0.5071, 0.3913, 0.3813, 0.435, 0.2311, 0.3172, 0.4378, 0.4324, 0.4649, 0.5594, 0.4089, 0.4204, 0.509, 0.5109], [0.4586, 0.4456, 0.534, 0.7013, 0.3047, 0.4113, 0.2964, 0.2555, 0.5401, 0.4689, 0.3879, 0.6784, 0.3401, 0.5617, 0.2711, 0.5534, 0.5314, 0.2925, 0.5493, 0.0594, 0.4817, 0.0, 0.3171, 0.7159, 0.5883, 0.4621, 0.6091, 0.5775, 0.4983, 0.6638, 0.3167, 0.3685, 0.3925, 0.4481, 0.3808, 0.396, 0.3307, 0.6059, 0.5116, 0.5404], [0.1482, 0.3192, 0.148, 0.2839, 0.4213, 0.2719, 0.2064, 0.1853, 0.2977, 0.2113, 0.172, 0.2521, 0.1988, 0.334, 0.3015, 0.2322, 0.1654, 0.1708, 0.357, 0.1233, 0.2795, 0.3171, 0.0, 0.2735, 0.2916, 0.3055, 0.2294, 0.3902, 0.224, 0.2765, 0.3464, 0.3276, 0.1839, 0.1762, 0.2699, 0.4335, 0.3078, 0.3108, 0.3177, 0.2493], [0.6447, 0.4056, 0.4451, 0.6261, 0.2044, 0.3618, 0.2822, 0.1776, 0.5315, 0.636, 0.3949, 0.5575, 0.3769, 0.3997, 0.2251, 0.4457, 0.4888, 0.316, 0.5083, 0.1602, 0.6284, 0.7159, 0.2735, 0.0, 0.513, 0.3602, 0.5442, 0.4694, 0.4086, 0.5281, 0.2825, 0.3446, 0.3927, 0.3926, 0.4122, 0.4526, 0.2964, 0.5096, 0.5251, 0.5342], [0.3611, 0.4766, 0.4166, 0.5859, 0.3893, 0.5662, 0.4196, 0.3725, 0.552, 0.5438, 0.4147, 0.6042, 0.4218, 0.5403, 0.3843, 0.7167, 0.5579, 0.2868, 0.5236, 0.0751, 0.4854, 0.5883, 0.2916, 0.513, 0.0, 0.6448, 0.5439, 0.5004, 0.436, 0.5849, 0.3375, 0.4512, 0.4042, 0.4387, 0.5755, 0.4207, 0.4422, 0.7168, 0.5254, 0.4805], [0.2003, 0.3751, 0.1694, 0.3826, 0.2966, 0.4558, 0.3261, 0.1946, 0.2528, 0.2675, 0.2303, 0.3858, 0.2121, 0.3712, 0.3104, 0.4783, 0.2846, 0.2067, 0.4299, -0.0158, 0.2587, 0.4621, 0.3055, 0.3602, 0.6448, 0.0, 0.3869, 0.457, 0.3152, 0.3746, 0.3518, 0.3275, 0.2368, 0.252, 0.5381, 0.3049, 0.3841, 0.5039, 0.2315, 0.3269], [0.4037, 0.4524, 0.3897, 0.4903, 0.3806, 0.4325, 0.1852, 0.2812, 0.4132, 0.4653, 0.2698, 0.5488, 0.2543, 0.4282, 0.346, 0.4749, 0.3992, 0.158, 0.4753, 0.009, 0.5071, 0.6091, 0.2294, 0.5442, 0.5439, 0.3869, 0.0, 0.4748, 0.4894, 0.4055, 0.4268, 0.3789, 0.4336, 0.4127, 0.3838, 0.5179, 0.3926, 0.4407, 0.3936, 0.5451], [0.3188, 0.5123, 0.2999, 0.4826, 0.3843, 0.3954, 0.1962, 0.1872, 0.2937, 0.3619, 0.3265, 0.4441, 0.237, 0.3978, 0.3856, 0.3973, 0.4105, 0.1637, 0.5118, -0.0695, 0.3913, 0.5775, 0.3902, 0.4694, 0.5004, 0.457, 0.4748, 0.0, 0.4876, 0.4114, 0.5339, 0.3794, 0.3562, 0.3811, 0.4173, 0.5118, 0.4346, 0.4582, 0.2868, 0.3804], [0.3348, 0.524, 0.3314, 0.481, 0.3346, 0.4311, 0.2332, 0.2902, 0.3959, 0.3945, 0.3061, 0.4774, 0.3251, 0.3842, 0.2834, 0.394, 0.5505, 0.2138, 0.5418, 0.0194, 0.3813, 0.4983, 0.224, 0.4086, 0.436, 0.3152, 0.4894, 0.4876, 0.0, 0.4558, 0.4712, 0.5971, 0.417, 0.3456, 0.4228, 0.471, 0.3888, 0.4172, 0.379, 0.3892], [0.3058, 0.3552, 0.4088, 0.8539, 0.1975, 0.415, 0.364, 0.3305, 0.4902, 0.3766, 0.4271, 0.6586, 0.3199, 0.6673, 0.2427, 0.6048, 0.534, 0.2964, 0.4636, 0.0707, 0.435, 0.6638, 0.2765, 0.5281, 0.5849, 0.3746, 0.4055, 0.4114, 0.4558, 0.0, 0.1895, 0.3679, 0.3705, 0.4333, 0.3327, 0.2797, 0.283, 0.5784, 0.4763, 0.4869], [0.1661, 0.4246, 0.165, 0.2912, 0.4953, 0.3264, 0.2387, 0.1773, 0.2249, 0.2241, 0.2686, 0.2842, 0.1939, 0.2891, 0.4076, 0.3008, 0.1997, 0.0625, 0.358, -0.0354, 0.2311, 0.3167, 0.3464, 0.2825, 0.3375, 0.3518, 0.4268, 0.5339, 0.4712, 0.1895, 0.0, 0.6135, 0.278, 0.2459, 0.3043, 0.5134, 0.4402, 0.2905, 0.2205, 0.2789], [0.3379, 0.4068, 0.263, 0.3795, 0.4556, 0.4492, 0.443, 0.3554, 0.334, 0.2413, 0.3656, 0.3838, 0.3109, 0.3595, 0.2715, 0.3867, 0.3929, 0.2041, 0.4135, 0.0789, 0.3172, 0.3685, 0.3276, 0.3446, 0.4512, 0.3275, 0.3789, 0.3794, 0.5971, 0.3679, 0.6135, 0.0, 0.3866, 0.3744, 0.3999, 0.4835, 0.3614, 0.4493, 0.3273, 0.3456], [0.3133, 0.3949, 0.3648, 0.4292, 0.2946, 0.4235, 0.2008, 0.4099, 0.3444, 0.3998, 0.3833, 0.5388, 0.3926, 0.3765, 0.374, 0.3663, 0.5058, 0.2423, 0.443, 0.022, 0.4378, 0.3925, 0.1839, 0.3927, 0.4042, 0.2368, 0.4336, 0.3562, 0.417, 0.3705, 0.278, 0.3866, 0.0, 0.4571, 0.3409, 0.4318, 0.3373, 0.4149, 0.3857, 0.4164], [0.3311, 0.4541, 0.5186, 0.4784, 0.4116, 0.4439, 0.2585, 0.4042, 0.4339, 0.285, 0.6031, 0.4448, 0.4666, 0.3845, 0.3234, 0.4953, 0.5448, 0.2474, 0.4269, 0.0338, 0.4324, 0.4481, 0.1762, 0.3926, 0.4387, 0.252, 0.4127, 0.3811, 0.3456, 0.4333, 0.2459, 0.3744, 0.4571, 0.0, 0.3651, 0.4035, 0.3851, 0.5868, 0.4583, 0.3545], [0.3312, 0.4631, 0.3409, 0.3655, 0.4084, 0.5492, 0.2793, 0.3235, 0.3199, 0.3603, 0.3242, 0.406, 0.4081, 0.3434, 0.4524, 0.3285, 0.4433, 0.3028, 0.5119, -0.0161, 0.4649, 0.3808, 0.2699, 0.4122, 0.5755, 0.5381, 0.3838, 0.4173, 0.4228, 0.3327, 0.3043, 0.3999, 0.3409, 0.3651, 0.0, 0.5473, 0.5277, 0.4248, 0.2977, 0.3401], [0.3086, 0.6087, 0.4058, 0.384, 0.5135, 0.5055, 0.2864, 0.3159, 0.3286, 0.3525, 0.4005, 0.4283, 0.51, 0.3005, 0.5006, 0.3017, 0.4547, 0.3245, 0.5564, -0.0356, 0.5594, 0.396, 0.4335, 0.4526, 0.4207, 0.3049, 0.5179, 0.5118, 0.471, 0.2797, 0.5134, 0.4835, 0.4318, 0.4035, 0.5473, 0.0, 0.4877, 0.3951, 0.3635, 0.4044], [0.2945, 0.4795, 0.2969, 0.337, 0.6736, 0.4872, 0.1951, 0.2711, 0.2227, 0.2851, 0.352, 0.3631, 0.4196, 0.4981, 0.8071, 0.2804, 0.442, 0.2012, 0.4325, 0.044, 0.4089, 0.3307, 0.3078, 0.2964, 0.4422, 0.3841, 0.3926, 0.4346, 0.3888, 0.283, 0.4402, 0.3614, 0.3373, 0.3851, 0.5277, 0.4877, 0.0, 0.403, 0.2585, 0.3228], [0.3535, 0.4907, 0.4842, 0.6045, 0.3609, 0.6047, 0.4596, 0.3885, 0.5278, 0.4664, 0.5539, 0.6012, 0.5334, 0.5771, 0.3464, 0.7319, 0.5862, 0.3657, 0.4991, 0.1352, 0.4204, 0.6059, 0.3108, 0.5096, 0.7168, 0.5039, 0.4407, 0.4582, 0.4172, 0.5784, 0.2905, 0.4493, 0.4149, 0.5868, 0.4248, 0.3951, 0.403, 0.0, 0.5354, 0.5205], [0.3407, 0.3452, 0.5793, 0.5554, 0.3576, 0.3842, 0.2668, 0.3855, 0.9598, 0.5406, 0.4023, 0.5584, 0.4298, 0.429, 0.2696, 0.5193, 0.492, 0.3836, 0.4277, 0.2717, 0.509, 0.5116, 0.3177, 0.5251, 0.5254, 0.2315, 0.3936, 0.2868, 0.379, 0.4763, 0.2205, 0.3273, 0.3857, 0.4583, 0.2977, 0.3635, 0.2585, 0.5354, 0.0, 0.4162], [0.3914, 0.4338, 0.4446, 0.5438, 0.3014, 0.3825, 0.2777, 0.2416, 0.386, 0.5206, 0.383, 0.5473, 0.385, 0.4633, 0.2896, 0.4685, 0.4604, 0.2739, 0.4559, 0.1051, 0.5109, 0.5404, 0.2493, 0.5342, 0.4805, 0.3269, 0.5451, 0.3804, 0.3892, 0.4869, 0.2789, 0.3456, 0.4164, 0.3545, 0.3401, 0.4044, 0.3228, 0.5205, 0.4162, 0.0]]}