{"nodes": [{"i": 0, "slug": "a-visual-translation-of-the-pandemic", "title": "A Visual Translation of the Pandemic", "url": "/a-visual-translation-of-the-pandemic", "lang": "en", "x": 587.88, "y": 255.75}, {"i": 1, "slug": "advanced-interface-design-for-iiif-a-digital-tool-to-explore-image-collections-at-different-scales", "title": "Advanced Interface Design for IIIF: A Digital Tool to Explore Image Collections at Different Scales", "url": "/advanced-interface-design-for-iiif-a-digital-tool-to-explore-image-collections-at-different-scales", "lang": "en", "x": 560.89, "y": 98.47}, {"i": 2, "slug": "ai-generated-images-for-representing-individuals-navigating-the-thin-line-between-care-and-bias", "title": "AI-Generated Images for Representing Individuals: Navigating the Thin Line between Care and Bias", "url": "/ai-generated-images-for-representing-individuals-navigating-the-thin-line-between-care-and-bias", "lang": "en", "x": 317.79, "y": 454.01}, {"i": 3, "slug": "alfabetizzazione-delle-reti-come-comprendere-progettare-e-leggere-modelli-relazionali-visivi", "title": "Alfabetizzazione delle reti: Come comprendere, progettare e leggere modelli relazionali visivi", "url": "/alfabetizzazione-delle-reti-come-comprendere-progettare-e-leggere-modelli-relazionali-visivi", "lang": "it", "x": 406.78, "y": 231.14, "tr": true}, {"i": 4, "slug": "archives-museums-and-installations-aldo-rossis-legacy-in-digital-transition", "title": "Archives, Museums, and Installations: Aldo Rossi’s Legacy in Digital Transition", "url": "/archives-museums-and-installations-aldo-rossis-legacy-in-digital-transition", "lang": "en", "x": 490.58, "y": 406.84}, {"i": 5, "slug": "are-we-all-narcissists-the-pseudo-narcissism-of-the-internet", "title": "Are We All Narcissists? The Pseudo-Narcissism of the Internet", "url": "/are-we-all-narcissists-the-pseudo-narcissism-of-the-internet", "lang": "en", "x": 250.68, "y": 361.85}, {"i": 6, "slug": "ars-memorativa-as-the-genesis-of-information-design-a-conversation-with-manuel-lima", "title": "Ars Memorativa as the Genesis of Information Design: A Conversation with Manuel Lima", "url": "/ars-memorativa-as-the-genesis-of-information-design-a-conversation-with-manuel-lima", "lang": "en", "x": 530.8, "y": 150.39}, {"i": 7, "slug": "big-data-and-the-little-big-bang-an-epistemological-revolution", "title": "Big Data and the Little Big Bang: An Epistemological (R)evolution", "url": "/big-data-and-the-little-big-bang-an-epistemological-revolution", "lang": "en", "x": 470.87, "y": 150.33}, {"i": 8, "slug": "cartographie-des-affinites-democratiser-la-visualisation-des-donnees", "title": "Cartographie des affinités : Démocratiser la visualisation des données", "url": "/cartographie-des-affinites-democratiser-la-visualisation-des-donnees", "lang": "fr", "x": 471.1, "y": 46.33, "tr": true}, {"i": 9, "slug": "choreography-design-and-technology-an-interview-with-lins-derry-from-the-metalab-at-harvard", "title": "Choreography, Design, and Technology: An Interview with Lins Derry from the metaLAB (at) Harvard", "url": "/choreography-design-and-technology-an-interview-with-lins-derry-from-the-metalab-at-harvard", "lang": "en", "x": 649.85, "y": 357.47}, {"i": 10, "slug": "collective-care-visap-25-catalog", "title": "Collective Care: VISAP ’25 Catalog", "url": "/collective-care-visap-25-catalog", "lang": "en", "x": 615.13, "y": 406.4}, {"i": 11, "slug": "conspirations-des-reseaux-plats-dessiner-des-visualisations-sur-une-surface-spherique-continue", "title": "Conspirations des réseaux plats. Dessiner des visualisations sur une surface sphérique continue", "url": "/conspirations-des-reseaux-plats-dessiner-des-visualisations-sur-une-surface-spherique-continue", "lang": "fr", "x": 497.73, "y": 281.44, "tr": true}, {"i": 12, "slug": "covic-collecting-visualizations-of-covid-19-to-outline-a-space-of-possibilities", "title": "COVIC: Collecting Visualizations of COVID-19 to Outline a Space of Possibilities", "url": "/covic-collecting-visualizations-of-covid-19-to-outline-a-space-of-possibilities", "lang": "en", "x": 557.93, "y": 203.82}, {"i": 13, "slug": "data-storytelling-a-visual-historiography-of-winter-olympic-games", "title": "Data Storytelling: A Visual Historiography of Winter Olympic Games", "url": "/data-storytelling-a-visual-historiography-of-winter-olympic-games", "lang": "en", "x": 381.49, "y": -5.84}, {"i": 14, "slug": "digital-habitus-or-personalization-without-personality", "title": "Digital Habitus or Personalization without Personality", "url": "/digital-habitus-or-personalization-without-personality", "lang": "en", "x": 612.97, "y": 310.15}, {"i": 15, "slug": "drawing-network-visualizations-on-a-continuous-spherical-surface", "title": "Drawing Network Visualizations on a Continuous, Spherical Surface", "url": "/drawing-network-visualizations-on-a-continuous-spherical-surface", "lang": "en", "x": 437.75, "y": 282.53}, {"i": 16, "slug": "ethical-and-aesthetical-questions-on-stock-images-the-case-of-ais-depictions", "title": "Ethical and Aesthetical Questions on Stock Images: The Case of AI's Depictions", "url": "/ethical-and-aesthetical-questions-on-stock-images-the-case-of-ais-depictions", "lang": "en", "x": 304.92, "y": 395.41}, {"i": 17, "slug": "experiments-of-network-literacy-for-urban-designers-bridging-information-design-and-spatial-morphology", "title": "Experiments of Network Literacy for Urban Designers: Bridging Information Design and Spatial Morphology", "url": "/experiments-of-network-literacy-for-urban-designers-bridging-information-design-and-spatial-morphology", "lang": "en", "x": 346.85, "y": 232.28}, {"i": 18, "slug": "extending-museum-beyond-physical-space-a-data-driven-study-of-aldo-rossis-analogous-city-as-a-mobile-museum-object", "title": "Extending Museum beyond Physical Space: A Data-Driven Study of Aldo Rossi’s Analogous City as a Mobile Museum Object", "url": "/extending-museum-beyond-physical-space-a-data-driven-study-of-aldo-rossis-analogous-city-as-a-mobile-museum-object", "lang": "en", "x": 515.82, "y": 461.27}, {"i": 19, "slug": "four-guiding-principles-for-rethinking-organizational-charts", "title": "Four Guiding Principles for Rethinking Organizational Charts", "url": "/four-guiding-principles-for-rethinking-organizational-charts", "lang": "en", "x": 350.89, "y": 149.92}, {"i": 20, "slug": "from-wisdom-to-data-philosophical-atlas-on-visual-representations-of-knowledge", "title": "From Wisdom to Data: Philosophical Atlas on Visual Representations of Knowledge", "url": "/from-wisdom-to-data-philosophical-atlas-on-visual-representations-of-knowledge", "lang": "en", "x": 500.95, "y": 98.42}, {"i": 21, "slug": "grounding-ai-exploring-the-role-of-algorithms-in-science", "title": "Grounding AI: Exploring the Role of Algorithms in Science", "url": "/grounding-ai-exploring-the-role-of-algorithms-in-science", "lang": "en", "x": 387.18, "y": 467.69}, {"i": 22, "slug": "grounding-ai-map-the-consequences-of-living-with-the-trouble-of-an-irreductionist-map", "title": "Grounding AI Map: The Consequences of Living with the Trouble of an Irreductionist Map", "url": "/grounding-ai-map-the-consequences-of-living-with-the-trouble-of-an-irreductionist-map", "lang": "en", "x": 439.08, "y": 497.85}, {"i": 23, "slug": "immaginare-gesti-barriera-contro-il-ritorno-alla-produzione-pre-crisi", "title": "Immaginare gesti-barriera contro il ritorno alla produzione pre-crisi", "url": "/immaginare-gesti-barriera-contro-il-ritorno-alla-produzione-pre-crisi", "lang": "it", "x": 285.81, "y": 146.33}, {"i": 24, "slug": "immersive-architectures-for-visual-data-literacy", "title": "Immersive Architectures for Visual Data Literacy", "url": "/immersive-architectures-for-visual-data-literacy", "lang": "en", "x": 617.87, "y": 203.82}, {"i": 25, "slug": "in-praise-of-visual-representation-an-inquiry-into-text-analysis-and-network-visualization-for-charting-scientific-communities", "title": "In Praise of Visual Representation: An Inquiry into Text Analysis and Network Visualization for Charting Scientific Communities", "url": "/in-praise-of-visual-representation-an-inquiry-into-text-analysis-and-network-visualization-for-charting-scientific-communities", "lang": "en", "x": 348.75, "y": 336.24}, {"i": 26, "slug": "la-citta-analoga-la-mappa", "title": "La Città Analoga, la Mappa", "url": "/la-citta-analoga-la-mappa", "lang": "it", "x": 550.33, "y": 412.16, "tr": true}, {"i": 27, "slug": "le-pseudo-narcissisme-et-internet-y-a-t-il-vraiment-de-plus-en-plus-de-narcissiques", "title": "Le pseudo-narcissisme et internet. Y a-t-il vraiment de plus en plus de narcissiques ?", "url": "/le-pseudo-narcissisme-et-internet-y-a-t-il-vraiment-de-plus-en-plus-de-narcissiques", "lang": "fr", "x": 234.13, "y": 304.18, "tr": true}, {"i": 28, "slug": "living-library-of-trees-mapping-knowledge-ecology-in-arnold-arboretum", "title": "Living Library of Trees: Mapping Knowledge Ecology in Arnold Arboretum", "url": "/living-library-of-trees-mapping-knowledge-ecology-in-arnold-arboretum", "lang": "en", "x": 439.27, "y": 437.85}, {"i": 29, "slug": "making-visible-the-invisible-work-of-scientists-during-the-covid-19-pandemic", "title": "Making Visible the Invisible Work of Scientists during the COVID-19 Pandemic", "url": "/making-visible-the-invisible-work-of-scientists-during-the-covid-19-pandemic", "lang": "en", "x": 677.87, "y": 203.74}, {"i": 30, "slug": "mapping-affinities-democratizing-data-visualization", "title": "Mapping Affinities: Democratizing Data Visualization", "url": "/mapping-affinities-democratizing-data-visualization", "lang": "en", "x": 441.07, "y": 98.28}, {"i": 31, "slug": "mapping-affinities-in-academic-organizations", "title": "Mapping Affinities in Academic Organizations", "url": "/mapping-affinities-in-academic-organizations", "lang": "en", "x": 411.23, "y": 46.23}, {"i": 32, "slug": "mapping-as-a-contemporary-instrument-for-orientation-in-conferences", "title": "Mapping as a Contemporary Instrument for Orientation in Conferences", "url": "/mapping-as-a-contemporary-instrument-for-orientation-in-conferences", "lang": "en", "x": 351.22, "y": 45.97}, {"i": 33, "slug": "mapping-techniques-for-an-automated-library-classification-the-case-study-of-library-loans-at-bibliotheca-hertziana", "title": "Mapping Techniques for an Automated Library Classification: The Case Study of Library Loans at Bibliotheca Hertziana", "url": "/mapping-techniques-for-an-automated-library-classification-the-case-study-of-library-loans-at-bibliotheca-hertziana", "lang": "en", "x": 321.05, "y": 97.87}, {"i": 34, "slug": "moving-pictures-of-thought-extracting-visual-knowledge-in-charles-s-peirce-s-manuscripts-with-vision-language-models", "title": "Moving Pictures of Thought: Extracting Visual Knowledge in Charles S. Peirce’s Manuscripts with Vision-Language Models", "url": "/moving-pictures-of-thought-extracting-visual-knowledge-in-charles-s-peirce-s-manuscripts-with-vision-language-models", "lang": "en", "x": 530.96, "y": 46.53}, {"i": 35, "slug": "network-literacy-how-to-understand-design-and-read-a-visual-relational-model", "title": "Network Literacy: How to Understand, Design, and Read a Visual Relational Model", "url": "/network-literacy-how-to-understand-design-and-read-a-visual-relational-model", "lang": "en", "x": 377.81, "y": 283.66}, {"i": 36, "slug": "orchestrating-cultural-heritage-exploring-the-automated-analysis-and-organization-of-charles-s-peirce-s-pap-manuscript", "title": "Orchestrating Cultural Heritage: Exploring the Automated Analysis and Organization of Charles S. Peirce’s PAP Manuscript", "url": "/orchestrating-cultural-heritage-exploring-the-automated-analysis-and-organization-of-charles-s-peirce-s-pap-manuscript", "lang": "en", "x": 620.84, "y": 98.61}, {"i": 37, "slug": "peirce-interprets-peirce-digitization-automation-and-interpretation-in-charles-peirce-s-manuscripts", "title": "Peirce Interprets Peirce: Digitization, Automation, and Interpretation in Charles Peirce’s Manuscripts", "url": "/peirce-interprets-peirce-digitization-automation-and-interpretation-in-charles-peirce-s-manuscripts", "lang": "en", "x": 590.94, "y": 46.6}, {"i": 38, "slug": "printing-walkable-visualizations", "title": "Printing Walkable Visualizations", "url": "/printing-walkable-visualizations", "lang": "en", "x": 468.69, "y": 333.94}, {"i": 39, "slug": "reading-network-diagrams-by-using-contour-lines-and-word-clouds", "title": "Reading Network Diagrams by Using Contour Lines and Word Clouds", "url": "/reading-network-diagrams-by-using-contour-lines-and-word-clouds", "lang": "en", "x": 408.7, "y": 335.05}, {"i": 40, "slug": "role-of-thesauri-in-a-scientific-organization", "title": "Role of Thesauri in a Scientific Organization", "url": "/role-of-thesauri-in-a-scientific-organization", "lang": "en", "x": 317.84, "y": 284.81}, {"i": 41, "slug": "self-recognition-in-data-visualization-how-individuals-see-themselves-in-visual-representations", "title": "Self-Recognition in Data Visualization: How Individuals See Themselves in Visual Representations", "url": "/self-recognition-in-data-visualization-how-individuals-see-themselves-in-visual-representations", "lang": "en", "x": 553.19, "y": 304.62}, {"i": 42, "slug": "super-vision-tracing-epfl-history-through-8000-doctoral-theses", "title": "Super-Vision: Tracing EPFL History through 8,000 Doctoral Theses", "url": "/super-vision-tracing-epfl-history-through-8000-doctoral-theses", "lang": "en", "x": 590.67, "y": 150.45}, {"i": 43, "slug": "surprise-machines-revealing-harvard-art-museums-image-collection", "title": "Surprise Machines: Revealing Harvard Art Museums’ Image Collection", "url": "/surprise-machines-revealing-harvard-art-museums-image-collection", "lang": "en", "x": 233.2, "y": 187.87}, {"i": 44, "slug": "surprise-machines-visualizzare-le-immagini-darchivio-degli-harvard-art-museums", "title": "Surprise Machines: visualizzare le immagini d’archivio degli Harvard Art Museums", "url": "/surprise-machines-visualizzare-le-immagini-darchivio-degli-harvard-art-museums", "lang": "it", "x": 248.35, "y": 245.93, "tr": true}, {"i": 45, "slug": "the-analogous-city-the-map", "title": "The Analogous City, the Map", "url": "/the-analogous-city-the-map", "lang": "en", "x": 575.6, "y": 466.57}, {"i": 46, "slug": "the-hermeneutic-circle-of-data-visualization-the-case-study-of-the-affinity-map", "title": "The Hermeneutic Circle of Data Visualization: The Case Study of the Affinity Map", "url": "/the-hermeneutic-circle-of-data-visualization-the-case-study-of-the-affinity-map", "lang": "en", "x": 410.88, "y": 150.14}, {"i": 47, "slug": "vers-une-litteratie-des-donnees-dans-lespace-public-la-cartographie-de-coronavirus-dans-ars-electronica-2021", "title": "Vers une littératie des données dans l’espace public : la cartographie du coronavirus dans Ars Electronica 2021", "url": "/vers-une-litteratie-des-donnees-dans-lespace-public-la-cartographie-de-coronavirus-dans-ars-electronica-2021", "lang": "fr", "x": 647.91, "y": 255.72, "tr": true}, {"i": 48, "slug": "visual-abstraction", "title": "Visual Abstraction", "url": "/visual-abstraction", "lang": "en", "x": 466.69, "y": 230.06}, {"i": 49, "slug": "visualizing-as-a-form-of-collective-care", "title": "Visualizing as a Form of Collective Care", "url": "/visualizing-as-a-form-of-collective-care", "lang": "en", "x": 578.27, "y": 359.12}, {"i": 50, "slug": "weather-map-a-diachronic-visual-model-for-controversy-mapping", "title": "Weather Map: A Diachronic Visual Model for Controversy Mapping", "url": "/weather-map-a-diachronic-visual-model-for-controversy-mapping", "lang": "en", "x": 381.04, "y": 98.09}], "similarity": [[0.0, 0.6771, 0.6686, 0.6789, 0.5659, 0.5284, 0.6486, 0.6059, 0.6375, 0.5899, 0.674, 0.6699, 0.8202, 0.6286, 0.5826, 0.7039, 0.6331, 0.6214, 0.5926, 0.6352, 0.6681, 0.5879, 0.647, 0.662, 0.8346, 0.7031, 0.5457, 0.5159, 0.6228, 0.8294, 0.6403, 0.6361, 0.686, 0.6156, 0.6884, 0.6637, 0.6338, 0.6459, 0.65, 0.6673, 0.5721, 0.6461, 0.6309, 0.5864, 0.5518, 0.555, 0.6245, 0.8481, 0.6293, 0.6828, 0.6603], [0.6771, 0.0, 0.7414, 0.7451, 0.6999, 0.5289, 0.7461, 0.6586, 0.7326, 0.653, 0.7096, 0.6663, 0.6974, 0.6982, 0.6895, 0.7152, 0.7245, 0.7131, 0.7357, 0.6686, 0.7691, 0.6188, 0.7448, 0.5193, 0.7274, 0.7099, 0.5965, 0.516, 0.7158, 0.6289, 0.7406, 0.7581, 0.7616, 0.7485, 0.7503, 0.751, 0.7341, 0.7166, 0.7006, 0.7039, 0.681, 0.7056, 0.7123, 0.6676, 0.6346, 0.6478, 0.6959, 0.7181, 0.6908, 0.7212, 0.7018], [0.6686, 0.7414, 0.0, 0.7368, 0.6211, 0.6197, 0.666, 0.6596, 0.7012, 0.6496, 0.761, 0.706, 0.7193, 0.6712, 0.7089, 0.7496, 0.7974, 0.7004, 0.637, 0.6875, 0.7395, 0.689, 0.7463, 0.5405, 0.7201, 0.7504, 0.5498, 0.6091, 0.655, 0.6686, 0.699, 0.6973, 0.7111, 0.6763, 0.7096, 0.741, 0.6244, 0.6356, 0.7086, 0.7339, 0.642, 0.7627, 0.6163, 0.633, 0.6089, 0.6019, 0.7285, 0.7147, 0.6797, 0.7879, 0.7088], [0.6789, 0.7451, 0.7368, 0.0, 0.6629, 0.5773, 0.7279, 0.7145, 0.805, 0.679, 0.7413, 0.7807, 0.6702, 0.6915, 0.7505, 0.8229, 0.7157, 0.8419, 0.6726, 0.7293, 0.7809, 0.6912, 0.7706, 0.5387, 0.7341, 0.8392, 0.5799, 0.5992, 0.7296, 0.6874, 0.8071, 0.7769, 0.7722, 0.7465, 0.7725, 0.9575, 0.6949, 0.6701, 0.7269, 0.865, 0.6981, 0.7684, 0.6376, 0.6389, 0.6225, 0.6154, 0.7696, 0.7445, 0.7551, 0.7512, 0.6879], [0.5659, 0.6999, 0.6211, 0.6629, 0.0, 0.5208, 0.6812, 0.6047, 0.653, 0.6602, 0.6975, 0.5856, 0.593, 0.7107, 0.6706, 0.6227, 0.654, 0.7105, 0.7518, 0.5968, 0.662, 0.598, 0.6617, 0.564, 0.6483, 0.6415, 0.702, 0.5269, 0.7035, 0.5655, 0.6594, 0.6444, 0.6489, 0.5865, 0.6407, 0.6808, 0.6978, 0.6486, 0.6525, 0.5762, 0.6124, 0.6822, 0.6395, 0.619, 0.6311, 0.7066, 0.6844, 0.6532, 0.6564, 0.6959, 0.6494], [0.5284, 0.5289, 0.6197, 0.5773, 0.5208, 0.0, 0.5273, 0.5818, 0.5045, 0.5233, 0.587, 0.596, 0.571, 0.4824, 0.6607, 0.5813, 0.6419, 0.5532, 0.4891, 0.538, 0.5594, 0.5456, 0.5261, 0.5417, 0.5634, 0.6087, 0.5095, 0.8972, 0.5203, 0.5356, 0.5269, 0.5126, 0.5131, 0.4939, 0.5303, 0.5948, 0.5002, 0.5339, 0.571, 0.5448, 0.5381, 0.6511, 0.4929, 0.4556, 0.4443, 0.4943, 0.5933, 0.5798, 0.568, 0.5989, 0.5382], [0.6486, 0.7461, 0.666, 0.7279, 0.6812, 0.5273, 0.0, 0.6771, 0.7312, 0.6976, 0.6802, 0.6636, 0.6587, 0.6654, 0.6535, 0.6717, 0.656, 0.6979, 0.6657, 0.7016, 0.7579, 0.6087, 0.6793, 0.5143, 0.7022, 0.688, 0.6282, 0.5331, 0.6649, 0.63, 0.715, 0.7064, 0.7049, 0.658, 0.7075, 0.7151, 0.6726, 0.649, 0.6786, 0.6908, 0.649, 0.7058, 0.6567, 0.6023, 0.5959, 0.6288, 0.698, 0.7197, 0.7015, 0.6944, 0.6713], [0.6059, 0.6586, 0.6596, 0.7145, 0.6047, 0.5818, 0.6771, 0.0, 0.7099, 0.6215, 0.6927, 0.7214, 0.6324, 0.6642, 0.73, 0.6837, 0.7284, 0.6854, 0.6121, 0.6863, 0.7514, 0.7345, 0.7411, 0.5342, 0.6953, 0.7191, 0.5262, 0.6074, 0.7229, 0.6418, 0.7188, 0.7177, 0.6727, 0.6506, 0.6662, 0.725, 0.6306, 0.6583, 0.6259, 0.639, 0.6474, 0.7026, 0.5901, 0.5901, 0.5765, 0.558, 0.7398, 0.715, 0.6361, 0.6929, 0.6248], [0.6375, 0.7326, 0.7012, 0.805, 0.653, 0.5045, 0.7312, 0.7099, 0.0, 0.6835, 0.7043, 0.736, 0.6492, 0.7003, 0.7155, 0.7472, 0.665, 0.7555, 0.6813, 0.7369, 0.7852, 0.6823, 0.772, 0.5069, 0.684, 0.7527, 0.605, 0.5279, 0.6872, 0.6408, 0.9553, 0.8399, 0.7911, 0.7612, 0.7161, 0.7791, 0.6762, 0.661, 0.7042, 0.748, 0.6769, 0.7438, 0.6472, 0.6144, 0.6054, 0.6747, 0.8648, 0.7088, 0.6854, 0.713, 0.6959], [0.5899, 0.653, 0.6496, 0.679, 0.6602, 0.5233, 0.6976, 0.6215, 0.6835, 0.0, 0.7084, 0.5893, 0.6412, 0.6597, 0.6522, 0.64, 0.6638, 0.6858, 0.6438, 0.6803, 0.6338, 0.6845, 0.6933, 0.5391, 0.674, 0.6672, 0.5578, 0.5339, 0.6685, 0.6067, 0.6927, 0.6742, 0.653, 0.6174, 0.6384, 0.6983, 0.6235, 0.6067, 0.6647, 0.661, 0.5706, 0.6563, 0.6302, 0.6685, 0.6464, 0.608, 0.6991, 0.664, 0.6744, 0.7064, 0.6294], [0.674, 0.7096, 0.761, 0.7413, 0.6975, 0.587, 0.6802, 0.6927, 0.7043, 0.7084, 0.0, 0.6528, 0.7445, 0.6791, 0.7059, 0.7139, 0.7567, 0.7467, 0.6439, 0.7072, 0.7182, 0.6977, 0.7361, 0.5884, 0.7591, 0.7284, 0.5661, 0.6012, 0.7306, 0.6792, 0.7108, 0.6806, 0.6943, 0.6534, 0.679, 0.7638, 0.641, 0.633, 0.6862, 0.678, 0.5871, 0.7584, 0.6053, 0.6302, 0.607, 0.5942, 0.7598, 0.7548, 0.7015, 0.9594, 0.6615], [0.6699, 0.6663, 0.706, 0.7807, 0.5856, 0.596, 0.6636, 0.7214, 0.736, 0.5893, 0.6528, 0.0, 0.6807, 0.6859, 0.6706, 0.9133, 0.6689, 0.7424, 0.6253, 0.6984, 0.7177, 0.6824, 0.7355, 0.5479, 0.7064, 0.7462, 0.5743, 0.5889, 0.6461, 0.6802, 0.7436, 0.7173, 0.7596, 0.6493, 0.6799, 0.7663, 0.6091, 0.5954, 0.7196, 0.7907, 0.6237, 0.715, 0.594, 0.5579, 0.5434, 0.6258, 0.7106, 0.7205, 0.6929, 0.6945, 0.7121], [0.8202, 0.6974, 0.7193, 0.6702, 0.593, 0.571, 0.6587, 0.6324, 0.6492, 0.6412, 0.7445, 0.6807, 0.0, 0.6671, 0.6151, 0.7198, 0.65, 0.6712, 0.5932, 0.6757, 0.6365, 0.5851, 0.6603, 0.6391, 0.8636, 0.6609, 0.5238, 0.5518, 0.6417, 0.8337, 0.6598, 0.659, 0.6735, 0.6375, 0.645, 0.6937, 0.6138, 0.6036, 0.6547, 0.689, 0.5709, 0.6469, 0.6266, 0.6082, 0.5698, 0.5505, 0.6554, 0.8599, 0.655, 0.7434, 0.6605], [0.6286, 0.6982, 0.6712, 0.6915, 0.7107, 0.4824, 0.6654, 0.6642, 0.7003, 0.6597, 0.6791, 0.6859, 0.6671, 0.0, 0.6523, 0.705, 0.6656, 0.7155, 0.6806, 0.6375, 0.6857, 0.628, 0.7071, 0.5523, 0.7265, 0.6819, 0.5911, 0.4829, 0.695, 0.6216, 0.6919, 0.6729, 0.7411, 0.6605, 0.6501, 0.7131, 0.6384, 0.6063, 0.6517, 0.6439, 0.5918, 0.6753, 0.6519, 0.6104, 0.588, 0.6277, 0.7033, 0.7175, 0.6275, 0.6811, 0.7082], [0.5826, 0.6895, 0.7089, 0.7505, 0.6706, 0.6607, 0.6535, 0.73, 0.7155, 0.6522, 0.7059, 0.6706, 0.6151, 0.6523, 0.0, 0.6834, 0.7668, 0.7326, 0.6529, 0.7154, 0.7142, 0.6969, 0.728, 0.5575, 0.6501, 0.7507, 0.5772, 0.6937, 0.6761, 0.6048, 0.7193, 0.704, 0.7211, 0.6674, 0.6636, 0.756, 0.6412, 0.6576, 0.7141, 0.6736, 0.6736, 0.7815, 0.6098, 0.5992, 0.5796, 0.612, 0.7577, 0.6622, 0.6652, 0.7184, 0.6511], [0.7039, 0.7152, 0.7496, 0.8229, 0.6227, 0.5813, 0.6717, 0.6837, 0.7472, 0.64, 0.7139, 0.9133, 0.7198, 0.705, 0.6834, 0.0, 0.679, 0.8049, 0.6647, 0.7233, 0.7191, 0.6737, 0.758, 0.5771, 0.7348, 0.7923, 0.5998, 0.5807, 0.693, 0.7066, 0.7622, 0.7486, 0.8049, 0.6999, 0.7063, 0.8149, 0.6319, 0.5986, 0.7404, 0.8338, 0.6472, 0.7505, 0.6083, 0.5732, 0.552, 0.6576, 0.7326, 0.7394, 0.7114, 0.7434, 0.7197], [0.6331, 0.7245, 0.7974, 0.7157, 0.654, 0.6419, 0.656, 0.7284, 0.665, 0.6638, 0.7567, 0.6689, 0.65, 0.6656, 0.7668, 0.679, 0.0, 0.723, 0.6943, 0.6632, 0.7691, 0.7568, 0.7618, 0.5606, 0.7156, 0.74, 0.6162, 0.6463, 0.6952, 0.6265, 0.6684, 0.6815, 0.6875, 0.6508, 0.7507, 0.7421, 0.6541, 0.6951, 0.7141, 0.6938, 0.5833, 0.7759, 0.6097, 0.6697, 0.6562, 0.6526, 0.7265, 0.6984, 0.6991, 0.768, 0.6936], [0.6214, 0.7131, 0.7004, 0.8419, 0.7105, 0.5532, 0.6979, 0.6854, 0.7555, 0.6858, 0.7467, 0.7424, 0.6712, 0.7155, 0.7326, 0.8049, 0.723, 0.0, 0.7425, 0.6976, 0.7101, 0.718, 0.7743, 0.5188, 0.7265, 0.7741, 0.6767, 0.5626, 0.7601, 0.6437, 0.7691, 0.7475, 0.7578, 0.6909, 0.7237, 0.8777, 0.6291, 0.6116, 0.7226, 0.8034, 0.6239, 0.7161, 0.6179, 0.6164, 0.6106, 0.7295, 0.7623, 0.7201, 0.7477, 0.7543, 0.7027], [0.5926, 0.7357, 0.637, 0.6726, 0.7518, 0.4891, 0.6657, 0.6121, 0.6813, 0.6438, 0.6439, 0.6253, 0.5932, 0.6806, 0.6529, 0.6647, 0.6943, 0.7425, 0.0, 0.611, 0.6796, 0.639, 0.7154, 0.5061, 0.6595, 0.6382, 0.7773, 0.4808, 0.6883, 0.5699, 0.6813, 0.712, 0.6998, 0.6669, 0.6946, 0.6853, 0.696, 0.6636, 0.708, 0.657, 0.5728, 0.648, 0.7016, 0.6892, 0.6983, 0.8603, 0.6659, 0.6558, 0.6986, 0.6504, 0.7032], [0.6352, 0.6686, 0.6875, 0.7293, 0.5968, 0.538, 0.7016, 0.6863, 0.7369, 0.6803, 0.7072, 0.6984, 0.6757, 0.6375, 0.7154, 0.7233, 0.6632, 0.6976, 0.611, 0.0, 0.7008, 0.6324, 0.6956, 0.5159, 0.7043, 0.7343, 0.5179, 0.5595, 0.6518, 0.6267, 0.747, 0.7038, 0.7217, 0.6553, 0.6702, 0.7356, 0.6174, 0.6109, 0.6996, 0.7147, 0.6138, 0.7177, 0.6079, 0.5473, 0.5365, 0.5507, 0.753, 0.6922, 0.6761, 0.7406, 0.6374], [0.6681, 0.7691, 0.7395, 0.7809, 0.662, 0.5594, 0.7579, 0.7514, 0.7852, 0.6338, 0.7182, 0.7177, 0.6365, 0.6857, 0.7142, 0.7191, 0.7691, 0.7101, 0.6796, 0.7008, 0.0, 0.6731, 0.7883, 0.5165, 0.6938, 0.7765, 0.6019, 0.5702, 0.7172, 0.6117, 0.7627, 0.7492, 0.748, 0.7188, 0.792, 0.7593, 0.6976, 0.7073, 0.6872, 0.6978, 0.6826, 0.7803, 0.6242, 0.6225, 0.6183, 0.6501, 0.7646, 0.6982, 0.6782, 0.7238, 0.6796], [0.5879, 0.6188, 0.689, 0.6912, 0.598, 0.5456, 0.6087, 0.7345, 0.6823, 0.6845, 0.6977, 0.6824, 0.5851, 0.628, 0.6969, 0.6737, 0.7568, 0.718, 0.639, 0.6324, 0.6731, 0.0, 0.8469, 0.5284, 0.6604, 0.7206, 0.5952, 0.5713, 0.7225, 0.6014, 0.6934, 0.6981, 0.6848, 0.6231, 0.67, 0.6966, 0.6167, 0.6333, 0.6514, 0.6657, 0.6053, 0.6724, 0.5693, 0.646, 0.6571, 0.6517, 0.706, 0.6543, 0.6609, 0.7007, 0.6535], [0.647, 0.7448, 0.7463, 0.7706, 0.6617, 0.5261, 0.6793, 0.7411, 0.772, 0.6933, 0.7361, 0.7355, 0.6603, 0.7071, 0.728, 0.758, 0.7618, 0.7743, 0.7154, 0.6956, 0.7883, 0.8469, 0.0, 0.4942, 0.7393, 0.7883, 0.6161, 0.5394, 0.7775, 0.6522, 0.7657, 0.7802, 0.8042, 0.7357, 0.7586, 0.7777, 0.6805, 0.6753, 0.7278, 0.7323, 0.6711, 0.7346, 0.6458, 0.6983, 0.6918, 0.6726, 0.7775, 0.7311, 0.7044, 0.7428, 0.7274], [0.662, 0.5193, 0.5405, 0.5387, 0.564, 0.5417, 0.5143, 0.5342, 0.5069, 0.5391, 0.5884, 0.5479, 0.6391, 0.5523, 0.5575, 0.5771, 0.5606, 0.5188, 0.5061, 0.5159, 0.5165, 0.5284, 0.4942, 0.0, 0.6283, 0.537, 0.5301, 0.5827, 0.5114, 0.6707, 0.5107, 0.48, 0.5238, 0.4461, 0.4898, 0.523, 0.4646, 0.4697, 0.5513, 0.5065, 0.5055, 0.5293, 0.497, 0.4623, 0.4587, 0.5319, 0.5521, 0.6562, 0.5621, 0.5866, 0.5567], [0.8346, 0.7274, 0.7201, 0.7341, 0.6483, 0.5634, 0.7022, 0.6953, 0.684, 0.674, 0.7591, 0.7064, 0.8636, 0.7265, 0.6501, 0.7348, 0.7156, 0.7265, 0.6595, 0.7043, 0.6938, 0.6604, 0.7393, 0.6283, 0.0, 0.7073, 0.5495, 0.548, 0.7006, 0.8507, 0.6892, 0.6747, 0.7156, 0.6548, 0.6839, 0.7639, 0.6385, 0.6368, 0.6954, 0.7076, 0.5715, 0.7129, 0.643, 0.6514, 0.6116, 0.5958, 0.705, 0.9595, 0.6851, 0.7819, 0.6736], [0.7031, 0.7099, 0.7504, 0.8392, 0.6415, 0.6087, 0.688, 0.7191, 0.7527, 0.6672, 0.7284, 0.7462, 0.6609, 0.6819, 0.7507, 0.7923, 0.74, 0.7741, 0.6382, 0.7343, 0.7765, 0.7206, 0.7883, 0.537, 0.7073, 0.0, 0.5526, 0.6309, 0.7265, 0.6728, 0.7701, 0.7722, 0.7874, 0.7313, 0.773, 0.8335, 0.6844, 0.6745, 0.7147, 0.7968, 0.7365, 0.7738, 0.6591, 0.5933, 0.5679, 0.5885, 0.7854, 0.7058, 0.7187, 0.7463, 0.6786], [0.5457, 0.5965, 0.5498, 0.5799, 0.702, 0.5095, 0.6282, 0.5262, 0.605, 0.5578, 0.5661, 0.5743, 0.5238, 0.5911, 0.5772, 0.5998, 0.6162, 0.6767, 0.7773, 0.5179, 0.6019, 0.5952, 0.6161, 0.5301, 0.5495, 0.5526, 0.0, 0.4918, 0.557, 0.4942, 0.611, 0.6145, 0.6023, 0.5496, 0.5741, 0.5712, 0.5667, 0.5484, 0.6459, 0.5608, 0.5371, 0.5761, 0.6093, 0.5439, 0.581, 0.8498, 0.5876, 0.5749, 0.6529, 0.5559, 0.64], [0.5159, 0.516, 0.6091, 0.5992, 0.5269, 0.8972, 0.5331, 0.6074, 0.5279, 0.5339, 0.6012, 0.5889, 0.5518, 0.4829, 0.6937, 0.5807, 0.6463, 0.5626, 0.4808, 0.5595, 0.5702, 0.5713, 0.5394, 0.5827, 0.548, 0.6309, 0.4918, 0.0, 0.5273, 0.5329, 0.5635, 0.5262, 0.5247, 0.4962, 0.5345, 0.6087, 0.5206, 0.5395, 0.5424, 0.5515, 0.5524, 0.6672, 0.4881, 0.4623, 0.4518, 0.4981, 0.6264, 0.5755, 0.5818, 0.6057, 0.502], [0.6228, 0.7158, 0.655, 0.7296, 0.7035, 0.5203, 0.6649, 0.7229, 0.6872, 0.6685, 0.7306, 0.6461, 0.6417, 0.695, 0.6761, 0.693, 0.6952, 0.7601, 0.6883, 0.6518, 0.7172, 0.7225, 0.7775, 0.5114, 0.7006, 0.7265, 0.557, 0.5273, 0.0, 0.6075, 0.7048, 0.739, 0.7181, 0.7114, 0.6935, 0.7494, 0.6946, 0.666, 0.628, 0.6531, 0.6371, 0.671, 0.6495, 0.6843, 0.6841, 0.614, 0.7094, 0.6999, 0.6461, 0.7256, 0.6746], [0.8294, 0.6289, 0.6686, 0.6874, 0.5655, 0.5356, 0.63, 0.6418, 0.6408, 0.6067, 0.6792, 0.6802, 0.8337, 0.6216, 0.6048, 0.7066, 0.6265, 0.6437, 0.5699, 0.6267, 0.6117, 0.6014, 0.6522, 0.6707, 0.8507, 0.6728, 0.4942, 0.5329, 0.6075, 0.0, 0.6403, 0.6268, 0.6471, 0.5786, 0.6131, 0.682, 0.5554, 0.5569, 0.6557, 0.6771, 0.5533, 0.6437, 0.6016, 0.5864, 0.5615, 0.5381, 0.6491, 0.8517, 0.6491, 0.694, 0.634], [0.6403, 0.7406, 0.699, 0.8071, 0.6594, 0.5269, 0.715, 0.7188, 0.9553, 0.6927, 0.7108, 0.7436, 0.6598, 0.6919, 0.7193, 0.7622, 0.6684, 0.7691, 0.6813, 0.747, 0.7627, 0.6934, 0.7657, 0.5107, 0.6892, 0.7701, 0.611, 0.5635, 0.7048, 0.6403, 0.0, 0.8927, 0.7773, 0.7479, 0.7238, 0.7917, 0.6889, 0.6724, 0.7107, 0.7537, 0.6842, 0.7375, 0.6743, 0.6076, 0.5975, 0.6708, 0.8558, 0.7109, 0.7207, 0.7205, 0.6809], [0.6361, 0.7581, 0.6973, 0.7769, 0.6444, 0.5126, 0.7064, 0.7177, 0.8399, 0.6742, 0.6806, 0.7173, 0.659, 0.6729, 0.704, 0.7486, 0.6815, 0.7475, 0.712, 0.7038, 0.7492, 0.6981, 0.7802, 0.48, 0.6747, 0.7722, 0.6145, 0.5262, 0.739, 0.6268, 0.8927, 0.0, 0.8056, 0.7815, 0.7149, 0.7642, 0.7115, 0.6931, 0.7168, 0.723, 0.7046, 0.7086, 0.7064, 0.6402, 0.6276, 0.6695, 0.7917, 0.6911, 0.7009, 0.6895, 0.6932], [0.686, 0.7616, 0.7111, 0.7722, 0.6489, 0.5131, 0.7049, 0.6727, 0.7911, 0.653, 0.6943, 0.7596, 0.6735, 0.7411, 0.7211, 0.8049, 0.6875, 0.7578, 0.6998, 0.7217, 0.748, 0.6848, 0.8042, 0.5238, 0.7156, 0.7874, 0.6023, 0.5247, 0.7181, 0.6471, 0.7773, 0.8056, 0.0, 0.7827, 0.7268, 0.7676, 0.7038, 0.6866, 0.7227, 0.7628, 0.7153, 0.7394, 0.6909, 0.6356, 0.5926, 0.6599, 0.7677, 0.7223, 0.6582, 0.7099, 0.7407], [0.6156, 0.7485, 0.6763, 0.7465, 0.5865, 0.4939, 0.658, 0.6506, 0.7612, 0.6174, 0.6534, 0.6493, 0.6375, 0.6605, 0.6674, 0.6999, 0.6508, 0.6909, 0.6669, 0.6553, 0.7188, 0.6231, 0.7357, 0.4461, 0.6548, 0.7313, 0.5496, 0.4962, 0.7114, 0.5786, 0.7479, 0.7815, 0.7827, 0.0, 0.7063, 0.7208, 0.742, 0.691, 0.6588, 0.6992, 0.7128, 0.7184, 0.6605, 0.6338, 0.6148, 0.6053, 0.7131, 0.6566, 0.6041, 0.6599, 0.6505], [0.6884, 0.7503, 0.7096, 0.7725, 0.6407, 0.5303, 0.7075, 0.6662, 0.7161, 0.6384, 0.679, 0.6799, 0.645, 0.6501, 0.6636, 0.7063, 0.7507, 0.7237, 0.6946, 0.6702, 0.792, 0.67, 0.7586, 0.4898, 0.6839, 0.773, 0.5741, 0.5345, 0.6935, 0.6131, 0.7238, 0.7149, 0.7268, 0.7063, 0.0, 0.7774, 0.8279, 0.8524, 0.7281, 0.7681, 0.6002, 0.7294, 0.6495, 0.655, 0.6338, 0.6189, 0.706, 0.666, 0.7127, 0.6975, 0.719], [0.6637, 0.751, 0.741, 0.9575, 0.6808, 0.5948, 0.7151, 0.725, 0.7791, 0.6983, 0.7638, 0.7663, 0.6937, 0.7131, 0.756, 0.8149, 0.7421, 0.8777, 0.6853, 0.7356, 0.7593, 0.6966, 0.7777, 0.523, 0.7639, 0.8335, 0.5712, 0.6087, 0.7494, 0.682, 0.7917, 0.7642, 0.7676, 0.7208, 0.7774, 0.0, 0.6779, 0.6781, 0.7321, 0.8517, 0.6655, 0.7735, 0.6237, 0.6361, 0.6156, 0.6135, 0.7711, 0.7548, 0.7659, 0.7692, 0.6974], [0.6338, 0.7341, 0.6244, 0.6949, 0.6978, 0.5002, 0.6726, 0.6306, 0.6762, 0.6235, 0.641, 0.6091, 0.6138, 0.6384, 0.6412, 0.6319, 0.6541, 0.6291, 0.696, 0.6174, 0.6976, 0.6167, 0.6805, 0.4646, 0.6385, 0.6844, 0.5667, 0.5206, 0.6946, 0.5554, 0.6889, 0.7115, 0.7038, 0.742, 0.8279, 0.6779, 0.0, 0.9114, 0.6431, 0.6562, 0.6418, 0.6631, 0.6425, 0.6758, 0.6655, 0.6021, 0.6529, 0.6414, 0.6057, 0.6384, 0.615], [0.6459, 0.7166, 0.6356, 0.6701, 0.6486, 0.5339, 0.649, 0.6583, 0.661, 0.6067, 0.633, 0.5954, 0.6036, 0.6063, 0.6576, 0.5986, 0.6951, 0.6116, 0.6636, 0.6109, 0.7073, 0.6333, 0.6753, 0.4697, 0.6368, 0.6745, 0.5484, 0.5395, 0.666, 0.5569, 0.6724, 0.6931, 0.6866, 0.691, 0.8524, 0.6781, 0.9114, 0.0, 0.6424, 0.6338, 0.5993, 0.6896, 0.6074, 0.6575, 0.6364, 0.58, 0.6568, 0.6394, 0.6281, 0.6376, 0.6126], [0.65, 0.7006, 0.7086, 0.7269, 0.6525, 0.571, 0.6786, 0.6259, 0.7042, 0.6647, 0.6862, 0.7196, 0.6547, 0.6517, 0.7141, 0.7404, 0.7141, 0.7226, 0.708, 0.6996, 0.6872, 0.6514, 0.7278, 0.5513, 0.6954, 0.7147, 0.6459, 0.5424, 0.628, 0.6557, 0.7107, 0.7168, 0.7227, 0.6588, 0.7281, 0.7321, 0.6431, 0.6424, 0.0, 0.724, 0.605, 0.7342, 0.6839, 0.6198, 0.6093, 0.6772, 0.6971, 0.7007, 0.7212, 0.7303, 0.6903], [0.6673, 0.7039, 0.7339, 0.865, 0.5762, 0.5448, 0.6908, 0.639, 0.748, 0.661, 0.678, 0.7907, 0.689, 0.6439, 0.6736, 0.8338, 0.6938, 0.8034, 0.657, 0.7147, 0.6978, 0.6657, 0.7323, 0.5065, 0.7076, 0.7968, 0.5608, 0.5515, 0.6531, 0.6771, 0.7537, 0.723, 0.7628, 0.6992, 0.7681, 0.8517, 0.6562, 0.6338, 0.724, 0.0, 0.6314, 0.6964, 0.6357, 0.601, 0.58, 0.6057, 0.7138, 0.7053, 0.7499, 0.702, 0.7186], [0.5721, 0.681, 0.642, 0.6981, 0.6124, 0.5381, 0.649, 0.6474, 0.6769, 0.5706, 0.5871, 0.6237, 0.5709, 0.5918, 0.6736, 0.6472, 0.5833, 0.6239, 0.5728, 0.6138, 0.6826, 0.6053, 0.6711, 0.5055, 0.5715, 0.7365, 0.5371, 0.5524, 0.6371, 0.5533, 0.6842, 0.7046, 0.7153, 0.7128, 0.6002, 0.6655, 0.6418, 0.5993, 0.605, 0.6314, 0.0, 0.6626, 0.6126, 0.5119, 0.5203, 0.5343, 0.678, 0.5993, 0.5599, 0.5798, 0.6001], [0.6461, 0.7056, 0.7627, 0.7684, 0.6822, 0.6511, 0.7058, 0.7026, 0.7438, 0.6563, 0.7584, 0.715, 0.6469, 0.6753, 0.7815, 0.7505, 0.7759, 0.7161, 0.648, 0.7177, 0.7803, 0.6724, 0.7346, 0.5293, 0.7129, 0.7738, 0.5761, 0.6672, 0.671, 0.6437, 0.7375, 0.7086, 0.7394, 0.7184, 0.7294, 0.7735, 0.6631, 0.6896, 0.7342, 0.6964, 0.6626, 0.0, 0.6221, 0.6014, 0.5897, 0.6352, 0.7813, 0.7008, 0.6875, 0.7908, 0.673], [0.6309, 0.7123, 0.6163, 0.6376, 0.6395, 0.4929, 0.6567, 0.5901, 0.6472, 0.6302, 0.6053, 0.594, 0.6266, 0.6519, 0.6098, 0.6083, 0.6097, 0.6179, 0.7016, 0.6079, 0.6242, 0.5693, 0.6458, 0.497, 0.643, 0.6591, 0.6093, 0.4881, 0.6495, 0.6016, 0.6743, 0.7064, 0.6909, 0.6605, 0.6495, 0.6237, 0.6425, 0.6074, 0.6839, 0.6357, 0.6126, 0.6221, 0.0, 0.6697, 0.6588, 0.6397, 0.658, 0.6556, 0.6473, 0.6219, 0.6473], [0.5864, 0.6676, 0.633, 0.6389, 0.619, 0.4556, 0.6023, 0.5901, 0.6144, 0.6685, 0.6302, 0.5579, 0.6082, 0.6104, 0.5992, 0.5732, 0.6697, 0.6164, 0.6892, 0.5473, 0.6225, 0.646, 0.6983, 0.4623, 0.6514, 0.5933, 0.5439, 0.4623, 0.6843, 0.5864, 0.6076, 0.6402, 0.6356, 0.6338, 0.655, 0.6361, 0.6758, 0.6575, 0.6198, 0.601, 0.5119, 0.6014, 0.6697, 0.0, 0.9566, 0.5728, 0.6278, 0.6421, 0.615, 0.638, 0.6323], [0.5518, 0.6346, 0.6089, 0.6225, 0.6311, 0.4443, 0.5959, 0.5765, 0.6054, 0.6464, 0.607, 0.5434, 0.5698, 0.588, 0.5796, 0.552, 0.6562, 0.6106, 0.6983, 0.5365, 0.6183, 0.6571, 0.6918, 0.4587, 0.6116, 0.5679, 0.581, 0.4518, 0.6841, 0.5615, 0.5975, 0.6276, 0.5926, 0.6148, 0.6338, 0.6156, 0.6655, 0.6364, 0.6093, 0.58, 0.5203, 0.5897, 0.6588, 0.9566, 0.0, 0.6071, 0.6128, 0.6029, 0.5958, 0.6096, 0.6183], [0.555, 0.6478, 0.6019, 0.6154, 0.7066, 0.4943, 0.6288, 0.558, 0.6747, 0.608, 0.5942, 0.6258, 0.5505, 0.6277, 0.612, 0.6576, 0.6526, 0.7295, 0.8603, 0.5507, 0.6501, 0.6517, 0.6726, 0.5319, 0.5958, 0.5885, 0.8498, 0.4981, 0.614, 0.5381, 0.6708, 0.6695, 0.6599, 0.6053, 0.6189, 0.6135, 0.6021, 0.58, 0.6772, 0.6057, 0.5343, 0.6352, 0.6397, 0.5728, 0.6071, 0.0, 0.6654, 0.6055, 0.6614, 0.6026, 0.6673], [0.6245, 0.6959, 0.7285, 0.7696, 0.6844, 0.5933, 0.698, 0.7398, 0.8648, 0.6991, 0.7598, 0.7106, 0.6554, 0.7033, 0.7577, 0.7326, 0.7265, 0.7623, 0.6659, 0.753, 0.7646, 0.706, 0.7775, 0.5521, 0.705, 0.7854, 0.5876, 0.6264, 0.7094, 0.6491, 0.8558, 0.7917, 0.7677, 0.7131, 0.706, 0.7711, 0.6529, 0.6568, 0.6971, 0.7138, 0.678, 0.7813, 0.658, 0.6278, 0.6128, 0.6654, 0.0, 0.713, 0.704, 0.7721, 0.6794], [0.8481, 0.7181, 0.7147, 0.7445, 0.6532, 0.5798, 0.7197, 0.715, 0.7088, 0.664, 0.7548, 0.7205, 0.8599, 0.7175, 0.6622, 0.7394, 0.6984, 0.7201, 0.6558, 0.6922, 0.6982, 0.6543, 0.7311, 0.6562, 0.9595, 0.7058, 0.5749, 0.5755, 0.6999, 0.8517, 0.7109, 0.6911, 0.7223, 0.6566, 0.666, 0.7548, 0.6414, 0.6394, 0.7007, 0.7053, 0.5993, 0.7008, 0.6556, 0.6421, 0.6029, 0.6055, 0.713, 0.0, 0.6752, 0.7677, 0.6791], [0.6293, 0.6908, 0.6797, 0.7551, 0.6564, 0.568, 0.7015, 0.6361, 0.6854, 0.6744, 0.7015, 0.6929, 0.655, 0.6275, 0.6652, 0.7114, 0.6991, 0.7477, 0.6986, 0.6761, 0.6782, 0.6609, 0.7044, 0.5621, 0.6851, 0.7187, 0.6529, 0.5818, 0.6461, 0.6491, 0.7207, 0.7009, 0.6582, 0.6041, 0.7127, 0.7659, 0.6057, 0.6281, 0.7212, 0.7499, 0.5599, 0.6875, 0.6473, 0.615, 0.5958, 0.6614, 0.704, 0.6752, 0.0, 0.7442, 0.6921], [0.6828, 0.7212, 0.7879, 0.7512, 0.6959, 0.5989, 0.6944, 0.6929, 0.713, 0.7064, 0.9594, 0.6945, 0.7434, 0.6811, 0.7184, 0.7434, 0.768, 0.7543, 0.6504, 0.7406, 0.7238, 0.7007, 0.7428, 0.5866, 0.7819, 0.7463, 0.5559, 0.6057, 0.7256, 0.694, 0.7205, 0.6895, 0.7099, 0.6599, 0.6975, 0.7692, 0.6384, 0.6376, 0.7303, 0.702, 0.5798, 0.7908, 0.6219, 0.638, 0.6096, 0.6026, 0.7721, 0.7677, 0.7442, 0.0, 0.6787], [0.6603, 0.7018, 0.7088, 0.6879, 0.6494, 0.5382, 0.6713, 0.6248, 0.6959, 0.6294, 0.6615, 0.7121, 0.6605, 0.7082, 0.6511, 0.7197, 0.6936, 0.7027, 0.7032, 0.6374, 0.6796, 0.6535, 0.7274, 0.5567, 0.6736, 0.6786, 0.64, 0.502, 0.6746, 0.634, 0.6809, 0.6932, 0.7407, 0.6505, 0.719, 0.6974, 0.615, 0.6126, 0.6903, 0.7186, 0.6001, 0.673, 0.6473, 0.6323, 0.6183, 0.6673, 0.6794, 0.6791, 0.6921, 0.6787, 0.0]], "canvas": {"w": 856, "h": 600}, "links": [{"source": 0, "target": 24, "value": 0.8346}, {"source": 1, "target": 20, "value": 0.7691}, {"source": 2, "target": 16, "value": 0.7974}, {"source": 3, "target": 35, "value": 1}, {"source": 4, "target": 18, "value": 0.7518}, {"source": 6, "target": 20, "value": 0.7579}, {"source": 7, "target": 20, "value": 0.7514}, {"source": 8, "target": 30, "value": 1}, {"source": 9, "target": 10, "value": 0.7084}, {"source": 10, "target": 49, "value": 0.9594}, {"source": 11, "target": 15, "value": 1}, {"source": 12, "target": 24, "value": 0.8636}, {"source": 13, "target": 32, "value": 0.7411}, {"source": 14, "target": 41, "value": 0.7815}, {"source": 15, "target": 39, "value": 0.8338}, {"source": 17, "target": 35, "value": 0.8777}, {"source": 18, "target": 45, "value": 0.8603}, {"source": 19, "target": 46, "value": 0.753}, {"source": 20, "target": 34, "value": 0.792}, {"source": 21, "target": 22, "value": 0.8469}, {"source": 25, "target": 35, "value": 0.8335}, {"source": 26, "target": 45, "value": 1}, {"source": 27, "target": 5, "value": 1}, {"source": 28, "target": 22, "value": 0.7775}, {"source": 29, "target": 24, "value": 0.8507}, {"source": 30, "target": 31, "value": 0.8927}, {"source": 32, "target": 31, "value": 0.8056}, {"source": 33, "target": 32, "value": 0.7827}, {"source": 34, "target": 37, "value": 0.8524}, {"source": 36, "target": 37, "value": 0.9114}, {"source": 38, "target": 15, "value": 0.7404}, {"source": 39, "target": 35, "value": 0.8517}, {"source": 40, "target": 25, "value": 0.7365}, {"source": 41, "target": 49, "value": 0.7908}, {"source": 42, "target": 1, "value": 0.7123}, {"source": 44, "target": 43, "value": 1}, {"source": 46, "target": 30, "value": 0.8558}, {"source": 47, "target": 24, "value": 1}, {"source": 48, "target": 35, "value": 0.7659}, {"source": 50, "target": 32, "value": 0.7407}]}