{"nodes": [{"i": 0, "slug": "a-visual-translation-of-the-pandemic", "title": "A Visual Translation of the Pandemic", "url": "/a-visual-translation-of-the-pandemic", "x": 553.87, "y": 193.76}, {"i": 1, "slug": "advanced-interface-design-for-iiif-a-digital-tool-to-explore-image-collections-at-different-scales", "title": "Advanced Interface Design for IIIF: A Digital Tool to Explore Image Collections at Different Scales", "url": "/advanced-interface-design-for-iiif-a-digital-tool-to-explore-image-collections-at-different-scales", "x": 474.23, "y": 254.49}, {"i": 2, "slug": "ai-generated-images-for-representing-individuals-navigating-the-thin-line-between-care-and-bias", "title": "AI-Generated Images for Representing Individuals: Navigating the Thin Line between Care and Bias", "url": "/ai-generated-images-for-representing-individuals-navigating-the-thin-line-between-care-and-bias", "x": 407.78, "y": 417.34}, {"i": 3, "slug": "alfabetizzazione-delle-reti-come-comprendere-progettare-e-leggere-modelli-relazionali-visivi", "title": "Alfabetizzazione delle reti: Come comprendere, progettare e leggere modelli relazionali visivi", "url": "/alfabetizzazione-delle-reti-come-comprendere-progettare-e-leggere-modelli-relazionali-visivi", "x": 394.37, "y": 205.87}, {"i": 4, "slug": "archives-museums-and-installations-aldo-rossis-legacy-in-digital-transition", "title": "Archives, Museums, and Installations: Aldo Rossi's Legacy in Digital Transition", "url": "/archives-museums-and-installations-aldo-rossis-legacy-in-digital-transition", "x": 554.24, "y": 400.26}, {"i": 5, "slug": "ars-memorativa-as-the-genesis-of-information-design-a-conversation-with-manuel-lima", "title": "Ars Memorativa as the Genesis of Information Design: A Conversation with Manuel Lima", "url": "/ars-memorativa-as-the-genesis-of-information-design-a-conversation-with-manuel-lima", "x": 431.03, "y": 150.3}, {"i": 6, "slug": "big-data-and-the-little-big-bang-an-epistemological-revolution", "title": "Big Data and the Little Big Bang: An Epistemological (r)Evolution", "url": "/big-data-and-the-little-big-bang-an-epistemological-revolution", "x": 425, "y": 56.87}, {"i": 7, "slug": "choreography-design-and-technology-an-interview-with-lins-derry-from-the-metalab-at-harvard", "title": "Choreography, Design, and Technology: An Interview with Lins Derry from the metaLAB (at) Harvard", "url": "/choreography-design-and-technology-an-interview-with-lins-derry-from-the-metalab-at-harvard", "x": 484.81, "y": 146.8}, {"i": 8, "slug": "collective-care-visap-25-catalog", "title": "Collective Care: VISAP '25 Catalog", "url": "/collective-care-visap-25-catalog", "x": 456.32, "y": 441.08}, {"i": 9, "slug": "covic-collecting-visualizations-of-covid-19-to-outline-a-space-of-possibilities", "title": "COVIC: Collecting Visualizations of COVID-19 to Outline a Space of Possibilities", "url": "/covic-collecting-visualizations-of-covid-19-to-outline-a-space-of-possibilities", "x": 593.06, "y": 230.91}, {"i": 10, "slug": "data-storytelling-a-visual-historiography-of-winter-olympic-games", "title": "Data Storytelling: A Visual Historiography of Winter Olympic Games", "url": "/data-storytelling-a-visual-historiography-of-winter-olympic-games", "x": 552.94, "y": 346.27}, {"i": 11, "slug": "digital-habitus-or-personalization-without-personality", "title": "Digital Habitus or Personalization without Personality", "url": "/digital-habitus-or-personalization-without-personality", "x": 282.79, "y": 162.38}, {"i": 12, "slug": "drawing-network-visualizations-on-a-continuous-spherical-surface", "title": "Drawing Network Visualizations on a Continuous, Spherical Surface", "url": "/drawing-network-visualizations-on-a-continuous-spherical-surface", "x": 340.42, "y": 205.07}, {"i": 13, "slug": "ethical-and-aesthetical-questions-on-stock-images-the-case-of-ais-depictions", "title": "Ethical and Aesthetical Questions on Stock Images: The Case of AI’s Depictions", "url": "/ethical-and-aesthetical-questions-on-stock-images-the-case-of-ais-depictions", "x": 347.23, "y": 108.84}, {"i": 14, "slug": "experiments-of-network-literacy-for-urban-designers-bridging-information-design-and-spatial-morphology", "title": "Experiments of Network Literacy for Urban Designers: Bridging Information Design and Spatial Morphology", "url": "/experiments-of-network-literacy-for-urban-designers-bridging-information-design-and-spatial-morphology", "x": 448.2, "y": 207.19}, {"i": 15, "slug": "extending-museum-beyond-physical-space-a-data-driven-study-of-aldo-rossis-analogous-city-as-a-mobile-museum-object", "title": "Extending Museum beyond Physical Space: A Data-Driven Study of Aldo Rossi's Analogous City as a Mobile Museum Object", "url": "/extending-museum-beyond-physical-space-a-data-driven-study-of-aldo-rossis-analogous-city-as-a-mobile-museum-object", "x": 599.1, "y": 318.2}, {"i": 16, "slug": "four-guiding-principles-for-rethinking-organizational-charts", "title": "Four Guiding Principles for Rethinking Organizational Charts", "url": "/four-guiding-principles-for-rethinking-organizational-charts", "x": 371.24, "y": 60.45}, {"i": 17, "slug": "from-wisdom-to-data-philosophical-atlas-on-visual-representations-of-knowledge", "title": "From Wisdom to Data: Philosophical Atlas on Visual Representations of Knowledge", "url": "/from-wisdom-to-data-philosophical-atlas-on-visual-representations-of-knowledge", "x": 377.26, "y": 153.74}, {"i": 18, "slug": "grounding-ai-exploring-the-role-of-algorithms-in-science", "title": "Grounding AI: Exploring the Role of Algorithms in Science", "url": "/grounding-ai-exploring-the-role-of-algorithms-in-science", "x": 472.32, "y": 347.99}, {"i": 19, "slug": "grounding-ai-map-the-consequences-of-living-with-the-trouble-of-an-irreductionist-map", "title": "Grounding AI Map: The Consequences of Living with the Trouble of an Irreductionist Map", "url": "/grounding-ai-map-the-consequences-of-living-with-the-trouble-of-an-irreductionist-map", "x": 446.4, "y": 300.58}, {"i": 20, "slug": "immaginare-gesti-barriera-contro-il-ritorno-alla-produzione-pre-crisi", "title": "Immaginare gesti-barriera contro il ritorno alla produzione pre-crisi", "url": "/immaginare-gesti-barriera-contro-il-ritorno-alla-produzione-pre-crisi", "x": 418.44, "y": 346.75}, {"i": 21, "slug": "immersive-architectures-for-visual-data-literacy", "title": "Immersive Architectures for Visual Data Literacy", "url": "/immersive-architectures-for-visual-data-literacy", "x": 605.75, "y": 178.45}, {"i": 22, "slug": "in-praise-of-visual-representation-an-inquiry-into-text-analysis-and-network-visualization-for-charting-scientific-communities", "title": "In Praise of Visual Representation: An Inquiry into Text Analysis and Network Visualization for Charting Scientific Communities", "url": "/in-praise-of-visual-representation-an-inquiry-into-text-analysis-and-network-visualization-for-charting-scientific-communities", "x": 338.36, "y": 298.12}, {"i": 23, "slug": "living-library-of-trees-mapping-knowledge-ecology-in-arnold-arboretum", "title": "Living Library of Trees: Mapping Knowledge Ecology in Arnold Arboretum", "url": "/living-library-of-trees-mapping-knowledge-ecology-in-arnold-arboretum", "x": 500.15, "y": 301.8}, {"i": 24, "slug": "making-visible-the-invisible-work-of-scientists-during-the-covid-19-pandemic", "title": "Making Visible the Invisible Work of Scientists during the COVID-19 Pandemic", "url": "/making-visible-the-invisible-work-of-scientists-during-the-covid-19-pandemic", "x": 566.58, "y": 141.28}, {"i": 25, "slug": "mapping-affinities-democratizing-data-visualization", "title": "Mapping Affinities: Democratizing Data Visualization", "url": "/mapping-affinities-democratizing-data-visualization", "x": 454.89, "y": 101.86}, {"i": 26, "slug": "mapping-affinities-in-academic-organizations", "title": "Mapping Affinities in Academic Organizations", "url": "/mapping-affinities-in-academic-organizations", "x": 478.78, "y": 53.42}, {"i": 27, "slug": "mapping-as-a-contemporary-instrument-for-orientation-in-conferences", "title": "Mapping as a Contemporary Instrument for Orientation in Conferences", "url": "/mapping-as-a-contemporary-instrument-for-orientation-in-conferences", "x": 508.71, "y": 98.36}, {"i": 28, "slug": "mapping-techniques-for-an-automated-library-classification-the-case-study-of-library-loans-at-bibliotheca-hertziana", "title": "Mapping Techniques for an Automated Library Classification: The Case Study of Library Loans at Bibliotheca Hertziana", "url": "/mapping-techniques-for-an-automated-library-classification-the-case-study-of-library-loans-at-bibliotheca-hertziana", "x": 306.11, "y": 371.63}, {"i": 29, "slug": "moving-pictures-of-thought-extracting-visual-knowledge-in-charles-s-peirce-s-manuscripts-with-vision-language-models", "title": "Moving Pictures of Thought: Extracting Visual Knowledge in Charles S. Peirce’s Manuscripts with Vision-Language Models", "url": "/moving-pictures-of-thought-extracting-visual-knowledge-in-charles-s-peirce-s-manuscripts-with-vision-language-models", "x": 364.41, "y": 345.43}, {"i": 30, "slug": "network-literacy-how-to-understand-design-and-read-a-visual-relational-model", "title": "Network Literacy: How to Understand, Design, and Read a Visual Relational Model", "url": "/network-literacy-how-to-understand-design-and-read-a-visual-relational-model", "x": 392.49, "y": 299.54}, {"i": 31, "slug": "orchestrating-cultural-heritage-exploring-the-automated-analysis-and-organization-of-charles-s-peirce-s-pap-manuscript", "title": "Orchestrating Cultural Heritage: Exploring the Automated Analysis and Organization of Charles S. Peirce’s PAP Manuscript", "url": "/orchestrating-cultural-heritage-exploring-the-automated-analysis-and-organization-of-charles-s-peirce-s-pap-manuscript", "x": 280.58, "y": 324.01}, {"i": 32, "slug": "peirce-interprets-peirce-digitization-automation-and-interpretation-in-charles-peirce-s-manuscripts", "title": "Peirce Interprets Peirce: Digitization, Automation, and Interpretation in Charles Peirce’s Manuscripts", "url": "/peirce-interprets-peirce-digitization-automation-and-interpretation-in-charles-peirce-s-manuscripts", "x": 252.11, "y": 369.9}, {"i": 33, "slug": "printing-walkable-visualizations", "title": "Printing Walkable Visualizations", "url": "/printing-walkable-visualizations", "x": 366.5, "y": 252.04}, {"i": 34, "slug": "self-recognition-in-data-visualization-how-individuals-see-themselves-in-visual-representations", "title": "Self-Recognition in Data Visualization: How Individuals See Themselves in Visual Representations", "url": "/self-recognition-in-data-visualization-how-individuals-see-themselves-in-visual-representations", "x": 269.36, "y": 214.69}, {"i": 35, "slug": "super-vision-tracing-epfl-history-through-8000-doctoral-theses", "title": "Super-Vision: Tracing EPFL History through 8,000 Doctoral Theses", "url": "/super-vision-tracing-epfl-history-through-8000-doctoral-theses", "x": 528.14, "y": 255.65}, {"i": 36, "slug": "surprise-machines-revealing-harvard-art-museums-image-collection", "title": "Surprise Machines: Revealing Harvard Art Museums’ Image Collection", "url": "/surprise-machines-revealing-harvard-art-museums-image-collection", "x": 502.11, "y": 208.34}, {"i": 37, "slug": "the-analogous-city-the-map", "title": "The Analogous City, the Map", "url": "/the-analogous-city-the-map", "x": 600.37, "y": 372.19}, {"i": 38, "slug": "the-hermeneutic-circle-of-data-visualization-the-case-study-of-the-affinity-map", "title": "The Hermeneutic Circle of Data Visualization: The Case Study of the Affinity Map", "url": "/the-hermeneutic-circle-of-data-visualization-the-case-study-of-the-affinity-map", "x": 401.1, "y": 105.35}, {"i": 39, "slug": "visualizing-as-a-form-of-collective-care", "title": "Visualizing as a Form of Collective Care", "url": "/visualizing-as-a-form-of-collective-care", "x": 411.53, "y": 471.25}, {"i": 40, "slug": "weather-map-a-diachronic-visual-model-for-controversy-mapping", "title": "Weather Map: A Diachronic Visual Model for Controversy Mapping", "url": "/weather-map-a-diachronic-visual-model-for-controversy-mapping", "x": 420.49, "y": 253.21}], "similarity": [[0.0, 0.2857, 0.3391, 0.4078, 0.2316, 0.2557, 0.1308, 0.1747, 0.3811, 0.5225, 0.309, 0.3131, 0.3414, 0.3342, 0.2389, 0.2766, 0.1746, 0.4563, 0.2664, 0.3741, 0.196, 0.6272, 0.4206, 0.1966, 0.6657, 0.3638, 0.2264, 0.4037, 0.3188, 0.3348, 0.3129, 0.1661, 0.327, 0.3518, 0.3311, 0.274, 0.3006, 0.2599, 0.3559, 0.3707, 0.3941], [0.2857, 0.0, 0.437, 0.46, 0.3633, 0.5099, 0.2753, 0.3372, 0.4417, 0.4306, 0.383, 0.4206, 0.3991, 0.4521, 0.3902, 0.3716, 0.3523, 0.5012, 0.2352, 0.4977, 0.0304, 0.4621, 0.3832, 0.3667, 0.387, 0.4415, 0.3656, 0.4524, 0.5123, 0.524, 0.3691, 0.4246, 0.3794, 0.4676, 0.4541, 0.428, 0.6137, 0.3969, 0.4891, 0.4349, 0.4585], [0.3391, 0.437, 0.0, 0.4592, 0.234, 0.3627, 0.2444, 0.4138, 0.5866, 0.4052, 0.3528, 0.5054, 0.4871, 0.5599, 0.3706, 0.2281, 0.4352, 0.5143, 0.3423, 0.4851, 0.1173, 0.5327, 0.4892, 0.2037, 0.4735, 0.4356, 0.2141, 0.3897, 0.2999, 0.3314, 0.3937, 0.165, 0.251, 0.4641, 0.5186, 0.2973, 0.4101, 0.2829, 0.4833, 0.5958, 0.4667], [0.4078, 0.46, 0.4592, 0.0, 0.4613, 0.5725, 0.357, 0.3828, 0.6671, 0.3714, 0.4139, 0.587, 0.734, 0.41, 0.6627, 0.4521, 0.5876, 0.6063, 0.4408, 0.5859, 0.2605, 0.5918, 0.7605, 0.4557, 0.5619, 0.7154, 0.5353, 0.4402, 0.4377, 0.4903, 0.905, 0.3009, 0.4929, 0.6664, 0.5304, 0.4133, 0.4859, 0.4825, 0.6421, 0.6271, 0.5176], [0.2316, 0.3633, 0.234, 0.4613, 0.0, 0.4699, 0.3019, 0.2693, 0.5096, 0.1819, 0.5247, 0.3765, 0.3583, 0.3721, 0.3846, 0.6299, 0.3204, 0.3661, 0.3322, 0.4083, 0.2336, 0.4256, 0.3498, 0.5215, 0.2942, 0.433, 0.3642, 0.3281, 0.3386, 0.3289, 0.3951, 0.4746, 0.4652, 0.4034, 0.4165, 0.4883, 0.5423, 0.705, 0.3862, 0.4636, 0.4389], [0.2557, 0.5099, 0.3627, 0.5725, 0.4699, 0.0, 0.4545, 0.4396, 0.5664, 0.4056, 0.4921, 0.4921, 0.5541, 0.4671, 0.4975, 0.5413, 0.6006, 0.6591, 0.377, 0.5628, 0.1147, 0.584, 0.5319, 0.4236, 0.4292, 0.6863, 0.4984, 0.3918, 0.4133, 0.4858, 0.5288, 0.3147, 0.5024, 0.6265, 0.4469, 0.564, 0.5997, 0.5523, 0.6034, 0.5387, 0.5455], [0.1308, 0.2753, 0.2444, 0.357, 0.3019, 0.4545, 0.0, 0.2163, 0.3741, 0.2286, 0.2717, 0.392, 0.3079, 0.3719, 0.3417, 0.2802, 0.4599, 0.3981, 0.3766, 0.4199, 0.1421, 0.4498, 0.3486, 0.3426, 0.3373, 0.4347, 0.3772, 0.1852, 0.1962, 0.2332, 0.3371, 0.2387, 0.431, 0.3446, 0.2585, 0.2637, 0.298, 0.2391, 0.4639, 0.3402, 0.2344], [0.1747, 0.3372, 0.4138, 0.3828, 0.2693, 0.4396, 0.2163, 0.0, 0.4266, 0.2496, 0.3085, 0.291, 0.2724, 0.3442, 0.346, 0.2936, 0.3496, 0.3382, 0.2865, 0.3251, 0.1219, 0.364, 0.303, 0.2554, 0.1988, 0.4015, 0.231, 0.2812, 0.1872, 0.2902, 0.4032, 0.1773, 0.3274, 0.4135, 0.4042, 0.3334, 0.3802, 0.2859, 0.3905, 0.432, 0.3674], [0.3811, 0.4417, 0.5866, 0.6671, 0.5096, 0.5664, 0.3741, 0.4266, 0.0, 0.4983, 0.4574, 0.5885, 0.6356, 0.4753, 0.4715, 0.3448, 0.5933, 0.5772, 0.4916, 0.6177, 0.3552, 0.7018, 0.5992, 0.4915, 0.5783, 0.6696, 0.4077, 0.4192, 0.3397, 0.4805, 0.6124, 0.3049, 0.4752, 0.6236, 0.5733, 0.3532, 0.5065, 0.4463, 0.6266, 0.9712, 0.4721], [0.5225, 0.4306, 0.4052, 0.3714, 0.1819, 0.4056, 0.2286, 0.2496, 0.4983, 0.0, 0.3977, 0.349, 0.4255, 0.3494, 0.3576, 0.2389, 0.3973, 0.4143, 0.2695, 0.4403, 0.1731, 0.6305, 0.3926, 0.2203, 0.6206, 0.4885, 0.3112, 0.4653, 0.3619, 0.3945, 0.3224, 0.2241, 0.2232, 0.4544, 0.285, 0.3228, 0.3739, 0.287, 0.4655, 0.5095, 0.377], [0.309, 0.383, 0.3528, 0.4139, 0.5247, 0.4921, 0.2717, 0.3085, 0.4574, 0.3977, 0.0, 0.3317, 0.4146, 0.3602, 0.4216, 0.5275, 0.3473, 0.3879, 0.3335, 0.4531, 0.182, 0.5242, 0.3504, 0.3362, 0.438, 0.4403, 0.3053, 0.3847, 0.3077, 0.319, 0.3627, 0.2824, 0.3421, 0.4307, 0.3431, 0.4394, 0.5074, 0.5761, 0.4123, 0.4526, 0.5554], [0.3131, 0.4206, 0.5054, 0.587, 0.3765, 0.4921, 0.392, 0.291, 0.5885, 0.349, 0.3317, 0.0, 0.5876, 0.4805, 0.4603, 0.3472, 0.535, 0.5464, 0.3958, 0.5374, 0.1126, 0.4874, 0.5842, 0.3033, 0.4553, 0.5574, 0.3349, 0.3325, 0.3958, 0.3807, 0.5036, 0.2646, 0.3636, 0.5649, 0.6345, 0.317, 0.4532, 0.4162, 0.6057, 0.5686, 0.4944], [0.3414, 0.3991, 0.4871, 0.734, 0.3583, 0.5541, 0.3079, 0.2724, 0.6356, 0.4255, 0.4146, 0.5876, 0.0, 0.4635, 0.6287, 0.4357, 0.6126, 0.5881, 0.441, 0.6207, 0.16, 0.5821, 0.7322, 0.375, 0.5596, 0.6799, 0.4751, 0.5248, 0.4327, 0.4774, 0.6516, 0.2827, 0.4504, 0.7319, 0.4623, 0.3794, 0.5283, 0.4789, 0.606, 0.6176, 0.5334], [0.3342, 0.4521, 0.5599, 0.41, 0.3721, 0.4671, 0.3719, 0.3442, 0.4753, 0.3494, 0.3602, 0.4805, 0.4635, 0.0, 0.3878, 0.3988, 0.3607, 0.5997, 0.4948, 0.4852, 0.1268, 0.5076, 0.4025, 0.2736, 0.4343, 0.447, 0.2388, 0.2543, 0.237, 0.3251, 0.3171, 0.1939, 0.3059, 0.4895, 0.4666, 0.3825, 0.5048, 0.4009, 0.5385, 0.4855, 0.5309], [0.2389, 0.3902, 0.3706, 0.6627, 0.3846, 0.4975, 0.3417, 0.346, 0.4715, 0.3576, 0.4216, 0.4603, 0.6287, 0.3878, 0.0, 0.462, 0.48, 0.4846, 0.3897, 0.4279, 0.1313, 0.4733, 0.5815, 0.3854, 0.4053, 0.5853, 0.4129, 0.4282, 0.3978, 0.3842, 0.6777, 0.2891, 0.3403, 0.4918, 0.3845, 0.3266, 0.352, 0.543, 0.5767, 0.4474, 0.4602], [0.2766, 0.3716, 0.2281, 0.4521, 0.6299, 0.5413, 0.2802, 0.2936, 0.3448, 0.2389, 0.5275, 0.3472, 0.4357, 0.3988, 0.462, 0.0, 0.4071, 0.4058, 0.2915, 0.4428, 0.1452, 0.45, 0.377, 0.3898, 0.3193, 0.5072, 0.4001, 0.3372, 0.4272, 0.3344, 0.4058, 0.4256, 0.4882, 0.5565, 0.3713, 0.5313, 0.5696, 0.7662, 0.3932, 0.3136, 0.5318], [0.1746, 0.3523, 0.4352, 0.5876, 0.3204, 0.6006, 0.4599, 0.3496, 0.5933, 0.3973, 0.3473, 0.535, 0.6126, 0.3607, 0.48, 0.4071, 0.0, 0.4686, 0.415, 0.5569, 0.2406, 0.5438, 0.622, 0.3918, 0.4498, 0.7518, 0.5489, 0.3931, 0.3582, 0.3933, 0.5405, 0.2804, 0.4627, 0.6286, 0.4645, 0.3877, 0.4531, 0.4201, 0.6756, 0.5685, 0.4436], [0.4563, 0.5012, 0.5143, 0.6063, 0.3661, 0.6591, 0.3981, 0.3382, 0.5772, 0.4143, 0.3879, 0.5464, 0.5881, 0.5997, 0.4846, 0.4058, 0.4686, 0.0, 0.4102, 0.587, 0.1622, 0.5734, 0.5842, 0.287, 0.4968, 0.6037, 0.3399, 0.3992, 0.4105, 0.5505, 0.5174, 0.1997, 0.3968, 0.5995, 0.5448, 0.3817, 0.4771, 0.4537, 0.5901, 0.5742, 0.5325], [0.2664, 0.2352, 0.3423, 0.4408, 0.3322, 0.377, 0.3766, 0.2865, 0.4916, 0.2695, 0.3335, 0.3958, 0.441, 0.4948, 0.3897, 0.2915, 0.415, 0.4102, 0.0, 0.6365, 0.3597, 0.4994, 0.4957, 0.322, 0.4696, 0.4662, 0.4084, 0.2084, 0.1893, 0.3745, 0.3856, 0.1089, 0.3632, 0.4952, 0.3347, 0.3619, 0.4121, 0.4866, 0.4386, 0.488, 0.4325], [0.3741, 0.4977, 0.4851, 0.5859, 0.4083, 0.5628, 0.4199, 0.3251, 0.6177, 0.4403, 0.4531, 0.5374, 0.6207, 0.4852, 0.4279, 0.4428, 0.5569, 0.587, 0.6365, 0.0, 0.1491, 0.6276, 0.6251, 0.4603, 0.5574, 0.6704, 0.5505, 0.4703, 0.4934, 0.6048, 0.5305, 0.3343, 0.5045, 0.7095, 0.4611, 0.5119, 0.6569, 0.4964, 0.557, 0.6022, 0.5142], [0.196, 0.0304, 0.1173, 0.2605, 0.2336, 0.1147, 0.1421, 0.1219, 0.3552, 0.1731, 0.182, 0.1126, 0.16, 0.1268, 0.1313, 0.1452, 0.2406, 0.1622, 0.3597, 0.1491, 0.0, 0.3299, 0.2296, 0.2488, 0.3162, 0.2321, 0.1509, 0.0654, -0.0232, 0.1147, 0.2256, 0.0228, 0.2293, 0.1822, 0.0974, 0.094, 0.107, 0.2676, 0.2225, 0.3505, 0.1925], [0.6272, 0.4621, 0.5327, 0.5918, 0.4256, 0.584, 0.4498, 0.364, 0.7018, 0.6305, 0.5242, 0.4874, 0.5821, 0.5076, 0.4733, 0.45, 0.5438, 0.5734, 0.4994, 0.6276, 0.3299, 0.0, 0.5819, 0.4227, 0.8309, 0.6177, 0.4202, 0.4994, 0.391, 0.4577, 0.5401, 0.2602, 0.4621, 0.6101, 0.4806, 0.4815, 0.5899, 0.4924, 0.5652, 0.7101, 0.5268], [0.4206, 0.3832, 0.4892, 0.7605, 0.3498, 0.5319, 0.3486, 0.303, 0.5992, 0.3926, 0.3504, 0.5842, 0.7322, 0.4025, 0.5815, 0.377, 0.622, 0.5842, 0.4957, 0.6251, 0.2296, 0.5819, 0.0, 0.3728, 0.6226, 0.7343, 0.5492, 0.5313, 0.4815, 0.5143, 0.6927, 0.2527, 0.4742, 0.6669, 0.5056, 0.4084, 0.4443, 0.4498, 0.6697, 0.567, 0.4882], [0.1966, 0.3667, 0.2037, 0.4557, 0.5215, 0.4236, 0.3426, 0.2554, 0.4915, 0.2203, 0.3362, 0.3033, 0.375, 0.2736, 0.3854, 0.3898, 0.3918, 0.287, 0.322, 0.4603, 0.2488, 0.4227, 0.3728, 0.0, 0.3541, 0.4497, 0.4718, 0.2625, 0.4265, 0.3121, 0.4144, 0.403, 0.4681, 0.3657, 0.2605, 0.3632, 0.5583, 0.4384, 0.4124, 0.4687, 0.347], [0.6657, 0.387, 0.4735, 0.5619, 0.2942, 0.4292, 0.3373, 0.1988, 0.5783, 0.6206, 0.438, 0.4553, 0.5596, 0.4343, 0.4053, 0.3193, 0.4498, 0.4968, 0.4696, 0.5574, 0.3162, 0.8309, 0.6226, 0.3541, 0.0, 0.5483, 0.4081, 0.4864, 0.41, 0.3986, 0.4835, 0.2441, 0.3921, 0.5588, 0.3983, 0.4021, 0.5084, 0.3835, 0.516, 0.5932, 0.5101], [0.3638, 0.4415, 0.4356, 0.7154, 0.433, 0.6863, 0.4347, 0.4015, 0.6696, 0.4885, 0.4403, 0.5574, 0.6799, 0.447, 0.5853, 0.5072, 0.7518, 0.6037, 0.4662, 0.6704, 0.2321, 0.6177, 0.7343, 0.4497, 0.5483, 0.0, 0.6894, 0.5352, 0.4889, 0.5154, 0.6899, 0.3477, 0.5596, 0.728, 0.4864, 0.5854, 0.5382, 0.533, 0.7223, 0.6435, 0.5424], [0.2264, 0.3656, 0.2141, 0.5353, 0.3642, 0.4984, 0.3772, 0.231, 0.4077, 0.3112, 0.3053, 0.3349, 0.4751, 0.2388, 0.4129, 0.4001, 0.5489, 0.3399, 0.4084, 0.5505, 0.1509, 0.4202, 0.5492, 0.4718, 0.4081, 0.6894, 0.0, 0.3767, 0.4537, 0.3967, 0.4676, 0.342, 0.4404, 0.5235, 0.2647, 0.5247, 0.4304, 0.459, 0.5402, 0.371, 0.3659], [0.4037, 0.4524, 0.3897, 0.4402, 0.3281, 0.3918, 0.1852, 0.2812, 0.4192, 0.4653, 0.3847, 0.3325, 0.5248, 0.2543, 0.4282, 0.3372, 0.3931, 0.3992, 0.2084, 0.4703, 0.0654, 0.4994, 0.5313, 0.2625, 0.4864, 0.5352, 0.3767, 0.0, 0.4748, 0.4894, 0.397, 0.4268, 0.3619, 0.5322, 0.4127, 0.3754, 0.5096, 0.366, 0.4392, 0.4033, 0.4297], [0.3188, 0.5123, 0.2999, 0.4377, 0.3386, 0.4133, 0.1962, 0.1872, 0.3397, 0.3619, 0.3077, 0.3958, 0.4327, 0.237, 0.3978, 0.4272, 0.3582, 0.4105, 0.1893, 0.4934, -0.0232, 0.391, 0.4815, 0.4265, 0.41, 0.4889, 0.4537, 0.4748, 0.0, 0.4876, 0.3888, 0.5339, 0.3757, 0.4318, 0.3811, 0.3726, 0.5306, 0.4101, 0.4599, 0.3265, 0.3184], [0.3348, 0.524, 0.3314, 0.4903, 0.3289, 0.4858, 0.2332, 0.2902, 0.4805, 0.3945, 0.319, 0.3807, 0.4774, 0.3251, 0.3842, 0.3344, 0.3933, 0.5505, 0.3745, 0.6048, 0.1147, 0.4577, 0.5143, 0.3121, 0.3986, 0.5154, 0.3967, 0.4894, 0.4876, 0.0, 0.4626, 0.4712, 0.5909, 0.5704, 0.3456, 0.3728, 0.4964, 0.4028, 0.4177, 0.4625, 0.4115], [0.3129, 0.3691, 0.3937, 0.905, 0.3951, 0.5288, 0.3371, 0.4032, 0.6124, 0.3224, 0.3627, 0.5036, 0.6516, 0.3171, 0.6777, 0.4058, 0.5405, 0.5174, 0.3856, 0.5305, 0.2256, 0.5401, 0.6927, 0.4144, 0.4835, 0.6899, 0.4676, 0.397, 0.3888, 0.4626, 0.0, 0.2212, 0.4331, 0.5823, 0.4838, 0.3692, 0.4004, 0.4178, 0.5509, 0.576, 0.4406], [0.1661, 0.4246, 0.165, 0.3009, 0.4746, 0.3147, 0.2387, 0.1773, 0.3049, 0.2241, 0.2824, 0.2646, 0.2827, 0.1939, 0.2891, 0.4256, 0.2804, 0.1997, 0.1089, 0.3343, 0.0228, 0.2602, 0.2527, 0.403, 0.2441, 0.3477, 0.342, 0.4268, 0.5339, 0.4712, 0.2212, 0.0, 0.6018, 0.3548, 0.2459, 0.3237, 0.512, 0.4108, 0.2959, 0.264, 0.2568], [0.327, 0.3794, 0.251, 0.4929, 0.4652, 0.5024, 0.431, 0.3274, 0.4752, 0.2232, 0.3421, 0.3636, 0.4504, 0.3059, 0.3403, 0.4882, 0.4627, 0.3968, 0.3632, 0.5045, 0.2293, 0.4621, 0.4742, 0.4681, 0.3921, 0.5596, 0.4404, 0.3619, 0.3757, 0.5909, 0.4331, 0.6018, 0.0, 0.558, 0.3648, 0.4119, 0.5478, 0.4532, 0.4547, 0.4387, 0.4113], [0.3518, 0.4676, 0.4641, 0.6664, 0.4034, 0.6265, 0.3446, 0.4135, 0.6236, 0.4544, 0.4307, 0.5649, 0.7319, 0.4895, 0.4918, 0.5565, 0.6286, 0.5995, 0.4952, 0.7095, 0.1822, 0.6101, 0.6669, 0.3657, 0.5588, 0.728, 0.5235, 0.5322, 0.4318, 0.5704, 0.5823, 0.3548, 0.558, 0.0, 0.5348, 0.5388, 0.6167, 0.5475, 0.6107, 0.6181, 0.608], [0.3311, 0.4541, 0.5186, 0.5304, 0.4165, 0.4469, 0.2585, 0.4042, 0.5733, 0.285, 0.3431, 0.6345, 0.4623, 0.4666, 0.3845, 0.3713, 0.4645, 0.5448, 0.3347, 0.4611, 0.0974, 0.4806, 0.5056, 0.2605, 0.3983, 0.4864, 0.2647, 0.4127, 0.3811, 0.3456, 0.4838, 0.2459, 0.3648, 0.5348, 0.0, 0.3107, 0.4296, 0.3854, 0.5895, 0.5458, 0.4522], [0.274, 0.428, 0.2973, 0.4133, 0.4883, 0.564, 0.2637, 0.3334, 0.3532, 0.3228, 0.4394, 0.317, 0.3794, 0.3825, 0.3266, 0.5313, 0.3877, 0.3817, 0.3619, 0.5119, 0.094, 0.4815, 0.4084, 0.3632, 0.4021, 0.5854, 0.5247, 0.3754, 0.3726, 0.3728, 0.3692, 0.3237, 0.4119, 0.5388, 0.3107, 0.0, 0.6383, 0.5668, 0.3661, 0.335, 0.49], [0.3006, 0.6137, 0.4101, 0.4859, 0.5423, 0.5997, 0.298, 0.3802, 0.5065, 0.3739, 0.5074, 0.4532, 0.5283, 0.5048, 0.352, 0.5696, 0.4531, 0.4771, 0.4121, 0.6569, 0.107, 0.5899, 0.4443, 0.5583, 0.5084, 0.5382, 0.4304, 0.5096, 0.5306, 0.4964, 0.4004, 0.512, 0.5478, 0.6167, 0.4296, 0.6383, 0.0, 0.5626, 0.4671, 0.5026, 0.5673], [0.2599, 0.3969, 0.2829, 0.4825, 0.705, 0.5523, 0.2391, 0.2859, 0.4463, 0.287, 0.5761, 0.4162, 0.4789, 0.4009, 0.543, 0.7662, 0.4201, 0.4537, 0.4866, 0.4964, 0.2676, 0.4924, 0.4498, 0.4384, 0.3835, 0.533, 0.459, 0.366, 0.4101, 0.4028, 0.4178, 0.4108, 0.4532, 0.5475, 0.3854, 0.5668, 0.5626, 0.0, 0.4313, 0.4243, 0.543], [0.3559, 0.4891, 0.4833, 0.6421, 0.3862, 0.6034, 0.4639, 0.3905, 0.6266, 0.4655, 0.4123, 0.6057, 0.606, 0.5385, 0.5767, 0.3932, 0.6756, 0.5901, 0.4386, 0.557, 0.2225, 0.5652, 0.6697, 0.4124, 0.516, 0.7223, 0.5402, 0.4392, 0.4599, 0.4177, 0.5509, 0.2959, 0.4547, 0.6107, 0.5895, 0.3661, 0.4671, 0.4313, 0.0, 0.5993, 0.5254], [0.3707, 0.4349, 0.5958, 0.6271, 0.4636, 0.5387, 0.3402, 0.432, 0.9712, 0.5095, 0.4526, 0.5686, 0.6176, 0.4855, 0.4474, 0.3136, 0.5685, 0.5742, 0.488, 0.6022, 0.3505, 0.7101, 0.567, 0.4687, 0.5932, 0.6435, 0.371, 0.4033, 0.3265, 0.4625, 0.576, 0.264, 0.4387, 0.6181, 0.5458, 0.335, 0.5026, 0.4243, 0.5993, 0.0, 0.4805], [0.3941, 0.4585, 0.4667, 0.5176, 0.4389, 0.5455, 0.2344, 0.3674, 0.4721, 0.377, 0.5554, 0.4944, 0.5334, 0.5309, 0.4602, 0.5318, 0.4436, 0.5325, 0.4325, 0.5142, 0.1925, 0.5268, 0.4882, 0.347, 0.5101, 0.5424, 0.3659, 0.4297, 0.3184, 0.4115, 0.4406, 0.2568, 0.4113, 0.608, 0.4522, 0.49, 0.5673, 0.543, 0.5254, 0.4805, 0.0]], "canvas": {"w": 856, "h": 600}, "links": [{"source": 0, "target": 24, "value": 0.6657}, {"source": 1, "target": 36, "value": 0.6137}, {"source": 2, "target": 39, "value": 0.5958}, {"source": 3, "target": 30, "value": 0.905}, {"source": 4, "target": 37, "value": 0.705}, {"source": 5, "target": 25, "value": 0.6863}, {"source": 6, "target": 38, "value": 0.4639}, {"source": 7, "target": 5, "value": 0.4396}, {"source": 8, "target": 39, "value": 0.9712}, {"source": 9, "target": 21, "value": 0.6305}, {"source": 10, "target": 37, "value": 0.5761}, {"source": 11, "target": 34, "value": 0.6345}, {"source": 12, "target": 3, "value": 0.734}, {"source": 13, "target": 17, "value": 0.5997}, {"source": 14, "target": 30, "value": 0.6777}, {"source": 15, "target": 37, "value": 0.7662}, {"source": 16, "target": 25, "value": 0.7518}, {"source": 17, "target": 5, "value": 0.6591}, {"source": 18, "target": 19, "value": 0.6365}, {"source": 19, "target": 33, "value": 0.7095}, {"source": 20, "target": 18, "value": 0.3597}, {"source": 21, "target": 24, "value": 0.8309}, {"source": 22, "target": 3, "value": 0.7605}, {"source": 23, "target": 36, "value": 0.5583}, {"source": 26, "target": 25, "value": 0.6894}, {"source": 27, "target": 25, "value": 0.5352}, {"source": 28, "target": 31, "value": 0.5339}, {"source": 29, "target": 19, "value": 0.6048}, {"source": 31, "target": 32, "value": 0.6018}, {"source": 33, "target": 12, "value": 0.7319}, {"source": 35, "target": 36, "value": 0.6383}, {"source": 36, "target": 19, "value": 0.6569}, {"source": 38, "target": 25, "value": 0.7223}, {"source": 40, "target": 33, "value": 0.608}]}