{"nodes": [{"i": 0, "slug": "a-visual-translation-of-the-pandemic", "title": "A Visual Translation of the Pandemic", "url": "/a-visual-translation-of-the-pandemic", "x": 569.51, "y": 246.66}, {"i": 1, "slug": "advanced-interface-design-for-iiif-a-digital-tool-to-explore-image-collections-at-different-scales", "title": "Advanced Interface Design for IIIF: A Digital Tool to Explore Image Collections at Different Scales", "url": "/advanced-interface-design-for-iiif-a-digital-tool-to-explore-image-collections-at-different-scales", "x": 399.27, "y": 88.83}, {"i": 2, "slug": "ai-generated-images-for-representing-individuals-navigating-the-thin-line-between-care-and-bias", "title": "AI-Generated Images for Representing Individuals: Navigating the Thin Line between Care and Bias", "url": "/ai-generated-images-for-representing-individuals-navigating-the-thin-line-between-care-and-bias", "x": 305.57, "y": 456.39}, {"i": 3, "slug": "alfabetizzazione-delle-reti-come-comprendere-progettare-e-leggere-modelli-relazionali-visivi", "title": "Alfabetizzazione delle reti: Come comprendere, progettare e leggere modelli relazionali visivi", "url": "/alfabetizzazione-delle-reti-come-comprendere-progettare-e-leggere-modelli-relazionali-visivi", "x": 529.51, "y": 66.88, "tr": true}, {"i": 4, "slug": "archives-museums-and-installations-aldo-rossis-legacy-in-digital-transition", "title": "Archives, Museums, and Installations: Aldo Rossi’s Legacy in Digital Transition", "url": "/archives-museums-and-installations-aldo-rossis-legacy-in-digital-transition", "x": 589.01, "y": 377.13}, {"i": 5, "slug": "ars-memorativa-as-the-genesis-of-information-design-a-conversation-with-manuel-lima", "title": "Ars Memorativa as the Genesis of Information Design: A Conversation with Manuel Lima", "url": "/ars-memorativa-as-the-genesis-of-information-design-a-conversation-with-manuel-lima", "x": 422.3, "y": 26.98}, {"i": 6, "slug": "big-data-and-the-little-big-bang-an-epistemological-revolution", "title": "Big Data and the Little Big Bang: An Epistemological (R)evolution", "url": "/big-data-and-the-little-big-bang-an-epistemological-revolution", "x": 487.42, "y": 16.12}, {"i": 7, "slug": "cartographie-des-affinites-democratiser-la-visualisation-des-donnees", "title": "Cartographie des affinités : Démocratiser la visualisation des données", "url": "/cartographie-des-affinites-democratiser-la-visualisation-des-donnees", "x": 343.85, "y": 325.37, "tr": true}, {"i": 8, "slug": "choreography-design-and-technology-an-interview-with-lins-derry-from-the-metalab-at-harvard", "title": "Choreography, Design, and Technology: An Interview with Lins Derry from the metaLAB (at) Harvard", "url": "/choreography-design-and-technology-an-interview-with-lins-derry-from-the-metalab-at-harvard", "x": 527.06, "y": 399.81}, {"i": 9, "slug": "collective-care-visap-25-catalog", "title": "Collective Care: VISAP ’25 Catalog", "url": "/collective-care-visap-25-catalog", "x": 577.77, "y": 442.1}, {"i": 10, "slug": "covic-collecting-visualizations-of-covid-19-to-outline-a-space-of-possibilities", "title": "COVIC: Collecting Visualizations of COVID-19 to Outline a Space of Possibilities", "url": "/covic-collecting-visualizations-of-covid-19-to-outline-a-space-of-possibilities", "x": 631.17, "y": 270.16}, {"i": 11, "slug": "data-storytelling-a-visual-historiography-of-winter-olympic-games", "title": "Data Storytelling: A Visual Historiography of Winter Olympic Games", "url": "/data-storytelling-a-visual-historiography-of-winter-olympic-games", "x": 504.51, "y": 257.06}, {"i": 12, "slug": "digital-habitus-or-personalization-without-personality", "title": "Digital Habitus or Personalization without Personality", "url": "/digital-habitus-or-personalization-without-personality", "x": 257.99, "y": 361.5}, {"i": 13, "slug": "drawing-network-visualizations-on-a-continuous-spherical-surface", "title": "Drawing Network Visualizations on a Continuous, Spherical Surface", "url": "/drawing-network-visualizations-on-a-continuous-spherical-surface", "x": 506.3, "y": 128.62}, {"i": 14, "slug": "ethical-and-aesthetical-questions-on-stock-images-the-case-of-ais-depictions", "title": "Ethical and Aesthetical Questions on Stock Images: The Case of AI's Depictions", "url": "/ethical-and-aesthetical-questions-on-stock-images-the-case-of-ais-depictions", "x": 319.27, "y": 391.83}, {"i": 15, "slug": "experiments-of-network-literacy-for-urban-designers-bridging-information-design-and-spatial-morphology", "title": "Experiments of Network Literacy for Urban Designers: Bridging Information Design and Spatial Morphology", "url": "/experiments-of-network-literacy-for-urban-designers-bridging-information-design-and-spatial-morphology", "x": 594.7, "y": 56.4}, {"i": 16, "slug": "extending-museum-beyond-physical-space-a-data-driven-study-of-aldo-rossis-analogous-city-as-a-mobile-museum-object", "title": "Extending Museum beyond Physical Space: A Data-Driven Study of Aldo Rossi’s Analogous City as a Mobile Museum Object", "url": "/extending-museum-beyond-physical-space-a-data-driven-study-of-aldo-rossis-analogous-city-as-a-mobile-museum-object", "x": 578.59, "y": 311.94}, {"i": 17, "slug": "four-guiding-principles-for-rethinking-organizational-charts", "title": "Four Guiding Principles for Rethinking Organizational Charts", "url": "/four-guiding-principles-for-rethinking-organizational-charts", "x": 378.9, "y": 216.49}, {"i": 18, "slug": "from-wisdom-to-data-philosophical-atlas-on-visual-representations-of-knowledge", "title": "From Wisdom to Data: Philosophical Atlas on Visual Representations of Knowledge", "url": "/from-wisdom-to-data-philosophical-atlas-on-visual-representations-of-knowledge", "x": 464.27, "y": 77.86}, {"i": 19, "slug": "grounding-ai-exploring-the-role-of-algorithms-in-science", "title": "Grounding AI: Exploring the Role of Algorithms in Science", "url": "/grounding-ai-exploring-the-role-of-algorithms-in-science", "x": 452.18, "y": 447.52}, {"i": 20, "slug": "grounding-ai-map-the-consequences-of-living-with-the-trouble-of-an-irreductionist-map", "title": "Grounding AI Map: The Consequences of Living with the Trouble of an Irreductionist Map", "url": "/grounding-ai-map-the-consequences-of-living-with-the-trouble-of-an-irreductionist-map", "x": 423.18, "y": 506.83}, {"i": 21, "slug": "immaginare-gesti-barriera-contro-il-ritorno-alla-produzione-pre-crisi", "title": "Immaginare gesti-barriera contro il ritorno alla produzione pre-crisi", "url": "/immaginare-gesti-barriera-contro-il-ritorno-alla-produzione-pre-crisi", "x": 283.38, "y": 141.79}, {"i": 22, "slug": "immersive-architectures-for-visual-data-literacy", "title": "Immersive Architectures for Visual Data Literacy", "url": "/immersive-architectures-for-visual-data-literacy", "x": 682.36, "y": 228.51}, {"i": 23, "slug": "in-praise-of-visual-representation-an-inquiry-into-text-analysis-and-network-visualization-for-charting-scientific-communities", "title": "In Praise of Visual Representation: An Inquiry into Text Analysis and Network Visualization for Charting Scientific Communities", "url": "/in-praise-of-visual-representation-an-inquiry-into-text-analysis-and-network-visualization-for-charting-scientific-communities", "x": 636.38, "y": 107.68}, {"i": 24, "slug": "living-library-of-trees-mapping-knowledge-ecology-in-arnold-arboretum", "title": "Living Library of Trees: Mapping Knowledge Ecology in Arnold Arboretum", "url": "/living-library-of-trees-mapping-knowledge-ecology-in-arnold-arboretum", "x": 386.31, "y": 452.09}, {"i": 25, "slug": "making-visible-the-invisible-work-of-scientists-during-the-covid-19-pandemic", "title": "Making Visible the Invisible Work of Scientists during the COVID-19 Pandemic", "url": "/making-visible-the-invisible-work-of-scientists-during-the-covid-19-pandemic", "x": 671.8, "y": 163.32}, {"i": 26, "slug": "mapping-affinities-democratizing-data-visualization", "title": "Mapping Affinities: Democratizing Data Visualization", "url": "/mapping-affinities-democratizing-data-visualization", "x": 392.72, "y": 281.04}, {"i": 27, "slug": "mapping-affinities-in-academic-organizations", "title": "Mapping Affinities in Academic Organizations", "url": "/mapping-affinities-in-academic-organizations", "x": 406.67, "y": 345.55}, {"i": 28, "slug": "mapping-as-a-contemporary-instrument-for-orientation-in-conferences", "title": "Mapping as a Contemporary Instrument for Orientation in Conferences", "url": "/mapping-as-a-contemporary-instrument-for-orientation-in-conferences", "x": 455.58, "y": 301.21}, {"i": 29, "slug": "mapping-techniques-for-an-automated-library-classification-the-case-study-of-library-loans-at-bibliotheca-hertziana", "title": "Mapping Techniques for an Automated Library Classification: The Case Study of Library Loans at Bibliotheca Hertziana", "url": "/mapping-techniques-for-an-automated-library-classification-the-case-study-of-library-loans-at-bibliotheca-hertziana", "x": 469.61, "y": 365.64}, {"i": 30, "slug": "moving-pictures-of-thought-extracting-visual-knowledge-in-charles-s-peirce-s-manuscripts-with-vision-language-models", "title": "Moving Pictures of Thought: Extracting Visual Knowledge in Charles S. Peirce’s Manuscripts with Vision-Language Models", "url": "/moving-pictures-of-thought-extracting-visual-knowledge-in-charles-s-peirce-s-manuscripts-with-vision-language-models", "x": 441.31, "y": 139.71}, {"i": 31, "slug": "network-literacy-how-to-understand-design-and-read-a-visual-relational-model", "title": "Network Literacy: How to Understand, Design, and Read a Visual Relational Model", "url": "/network-literacy-how-to-understand-design-and-read-a-visual-relational-model", "x": 571.24, "y": 118.05}, {"i": 32, "slug": "orchestrating-cultural-heritage-exploring-the-automated-analysis-and-organization-of-charles-s-peirce-s-pap-manuscript", "title": "Orchestrating Cultural Heritage: Exploring the Automated Analysis and Organization of Charles S. Peirce’s PAP Manuscript", "url": "/orchestrating-cultural-heritage-exploring-the-automated-analysis-and-organization-of-charles-s-peirce-s-pap-manuscript", "x": 334.24, "y": 99.76}, {"i": 33, "slug": "peirce-interprets-peirce-digitization-automation-and-interpretation-in-charles-peirce-s-manuscripts", "title": "Peirce Interprets Peirce: Digitization, Automation, and Interpretation in Charles Peirce’s Manuscripts", "url": "/peirce-interprets-peirce-digitization-automation-and-interpretation-in-charles-peirce-s-manuscripts", "x": 376.24, "y": 150.65}, {"i": 34, "slug": "printing-walkable-visualizations", "title": "Printing Walkable Visualizations", "url": "/printing-walkable-visualizations", "x": 490.67, "y": 192.65}, {"i": 35, "slug": "self-recognition-in-data-visualization-how-individuals-see-themselves-in-visual-representations", "title": "Self-Recognition in Data Visualization: How Individuals See Themselves in Visual Representations", "url": "/self-recognition-in-data-visualization-how-individuals-see-themselves-in-visual-representations", "x": 227.33, "y": 303.05}, {"i": 36, "slug": "super-vision-tracing-epfl-history-through-8000-doctoral-theses", "title": "Super-Vision: Tracing EPFL History through 8,000 Doctoral Theses", "url": "/super-vision-tracing-epfl-history-through-8000-doctoral-theses", "x": 357.28, "y": 37.93}, {"i": 37, "slug": "surprise-machines-revealing-harvard-art-museums-image-collection", "title": "Surprise Machines: Revealing Harvard Art Museums’ Image Collection", "url": "/surprise-machines-revealing-harvard-art-museums-image-collection", "x": 226, "y": 187.61}, {"i": 38, "slug": "surprise-machines-visualizzare-le-immagini-darchivio-degli-harvard-art-museums", "title": "Surprise Machines: visualizzare le immagini d’archivio degli Harvard Art Museums", "url": "/surprise-machines-visualizzare-le-immagini-darchivio-degli-harvard-art-museums", "x": 258.64, "y": 244.98, "tr": true}, {"i": 39, "slug": "the-analogous-city-the-map", "title": "The Analogous City, the Map", "url": "/the-analogous-city-the-map", "x": 640.24, "y": 335.51}, {"i": 40, "slug": "the-hermeneutic-circle-of-data-visualization-the-case-study-of-the-affinity-map", "title": "The Hermeneutic Circle of Data Visualization: The Case Study of the Affinity Map", "url": "/the-hermeneutic-circle-of-data-visualization-the-case-study-of-the-affinity-map", "x": 329.99, "y": 260.82}, {"i": 41, "slug": "vers-une-litteratie-des-donnees-dans-lespace-public-la-cartographie-de-coronavirus-dans-ars-electronica-2021", "title": "Vers une littératie des données dans l’espace public : la cartographie du coronavirus dans Ars Electronica 2021", "url": "/vers-une-litteratie-des-donnees-dans-lespace-public-la-cartographie-de-coronavirus-dans-ars-electronica-2021", "x": 620.64, "y": 205, "tr": true}, {"i": 42, "slug": "visual-abstraction", "title": "Visual Abstraction", "url": "/visual-abstraction", "x": 555.8, "y": 182.2}, {"i": 43, "slug": "visualizing-as-a-form-of-collective-care", "title": "Visualizing as a Form of Collective Care", "url": "/visualizing-as-a-form-of-collective-care", "x": 515.83, "y": 464.88}, {"i": 44, "slug": "weather-map-a-diachronic-visual-model-for-controversy-mapping", "title": "Weather Map: A Diachronic Visual Model for Controversy Mapping", "url": "/weather-map-a-diachronic-visual-model-for-controversy-mapping", "x": 441.65, "y": 236.8}], "similarity": [[0.0, 0.6771, 0.6686, 0.6789, 0.5659, 0.6486, 0.6059, 0.6705, 0.5899, 0.6761, 0.8202, 0.6286, 0.5826, 0.7039, 0.6331, 0.6214, 0.5926, 0.6352, 0.6643, 0.585, 0.647, 0.6222, 0.8346, 0.7031, 0.6228, 0.8294, 0.6321, 0.6361, 0.686, 0.6156, 0.6884, 0.6637, 0.6338, 0.6459, 0.65, 0.6461, 0.6309, 0.5864, 0.5518, 0.5583, 0.6245, 0.8481, 0.6201, 0.6803, 0.6603], [0.6771, 0.0, 0.7414, 0.7451, 0.6999, 0.7461, 0.6586, 0.7483, 0.653, 0.7264, 0.6974, 0.6982, 0.6895, 0.7152, 0.7245, 0.7131, 0.7357, 0.6686, 0.769, 0.6221, 0.7448, 0.4778, 0.7274, 0.7099, 0.7158, 0.6289, 0.7312, 0.7581, 0.7616, 0.7485, 0.7503, 0.751, 0.7341, 0.7166, 0.7006, 0.7056, 0.7123, 0.6676, 0.6346, 0.6556, 0.6959, 0.7181, 0.6939, 0.7222, 0.7018], [0.6686, 0.7414, 0.0, 0.7368, 0.6211, 0.666, 0.6596, 0.7229, 0.6496, 0.7685, 0.7193, 0.6712, 0.7089, 0.7496, 0.7974, 0.7004, 0.637, 0.6875, 0.7322, 0.6843, 0.7463, 0.5809, 0.7201, 0.7504, 0.655, 0.6686, 0.6849, 0.6973, 0.7111, 0.6763, 0.7096, 0.741, 0.6244, 0.6356, 0.7086, 0.7627, 0.6163, 0.633, 0.6089, 0.6003, 0.7285, 0.7147, 0.6902, 0.7706, 0.7088], [0.6789, 0.7451, 0.7368, 0.0, 0.6629, 0.7279, 0.7145, 0.8214, 0.679, 0.7456, 0.6702, 0.6915, 0.7505, 0.8229, 0.7157, 0.8419, 0.6726, 0.7293, 0.7837, 0.6908, 0.7706, 0.5257, 0.7341, 0.8392, 0.7296, 0.6874, 0.7993, 0.7769, 0.7722, 0.7465, 0.7725, 0.9575, 0.6949, 0.6701, 0.7269, 0.7684, 0.6376, 0.6389, 0.6225, 0.6217, 0.7696, 0.7445, 0.7549, 0.7417, 0.6879], [0.5659, 0.6999, 0.6211, 0.6629, 0.0, 0.6812, 0.6047, 0.6659, 0.6602, 0.6983, 0.593, 0.7107, 0.6706, 0.6227, 0.654, 0.7105, 0.7518, 0.5968, 0.6665, 0.5947, 0.6617, 0.5142, 0.6483, 0.6415, 0.7035, 0.5655, 0.6511, 0.6444, 0.6489, 0.5865, 0.6407, 0.6808, 0.6978, 0.6486, 0.6525, 0.6822, 0.6395, 0.619, 0.6311, 0.7125, 0.6844, 0.6532, 0.6479, 0.7024, 0.6494], [0.6486, 0.7461, 0.666, 0.7279, 0.6812, 0.0, 0.6771, 0.7452, 0.6976, 0.6894, 0.6587, 0.6654, 0.6535, 0.6717, 0.656, 0.6979, 0.6657, 0.7016, 0.7671, 0.6081, 0.6793, 0.4858, 0.7022, 0.688, 0.6649, 0.63, 0.7093, 0.7064, 0.7049, 0.658, 0.7075, 0.7151, 0.6726, 0.649, 0.6786, 0.7058, 0.6567, 0.6023, 0.5959, 0.6344, 0.698, 0.7197, 0.687, 0.6936, 0.6713], [0.6059, 0.6586, 0.6596, 0.7145, 0.6047, 0.6771, 0.0, 0.7315, 0.6215, 0.6917, 0.6324, 0.6642, 0.73, 0.6837, 0.7284, 0.6854, 0.6121, 0.6863, 0.746, 0.7341, 0.7411, 0.5645, 0.6953, 0.7191, 0.7229, 0.6418, 0.706, 0.7177, 0.6727, 0.6506, 0.6662, 0.725, 0.6306, 0.6583, 0.6259, 0.7026, 0.5901, 0.5901, 0.5765, 0.5597, 0.7398, 0.715, 0.6456, 0.705, 0.6248], [0.6705, 0.7483, 0.7229, 0.8214, 0.6659, 0.7452, 0.7315, 0.0, 0.6935, 0.7342, 0.6771, 0.7172, 0.7317, 0.777, 0.6979, 0.7742, 0.7063, 0.7449, 0.8061, 0.6998, 0.7848, 0.5408, 0.7058, 0.7811, 0.7121, 0.6656, 0.9627, 0.8901, 0.8027, 0.7595, 0.7514, 0.7893, 0.7023, 0.6898, 0.7424, 0.7574, 0.6775, 0.6292, 0.6213, 0.6953, 0.8478, 0.7334, 0.7199, 0.7377, 0.7044], [0.5899, 0.653, 0.6496, 0.679, 0.6602, 0.6976, 0.6215, 0.6935, 0.0, 0.7156, 0.6412, 0.6597, 0.6522, 0.64, 0.6638, 0.6858, 0.6438, 0.6803, 0.6356, 0.6813, 0.6933, 0.4831, 0.674, 0.6672, 0.6685, 0.6067, 0.6925, 0.6742, 0.653, 0.6174, 0.6384, 0.6983, 0.6235, 0.6067, 0.6647, 0.6563, 0.6302, 0.6685, 0.6464, 0.6131, 0.6991, 0.664, 0.6711, 0.7056, 0.6294], [0.6761, 0.7264, 0.7685, 0.7456, 0.6983, 0.6894, 0.6917, 0.7342, 0.7156, 0.0, 0.7512, 0.6896, 0.7098, 0.7215, 0.7533, 0.7537, 0.6485, 0.7048, 0.7202, 0.6933, 0.7433, 0.5854, 0.7708, 0.7356, 0.7367, 0.6844, 0.7109, 0.6947, 0.7055, 0.6662, 0.6825, 0.7707, 0.6501, 0.6369, 0.6895, 0.7579, 0.6201, 0.6391, 0.6144, 0.5993, 0.7679, 0.7633, 0.72, 0.9612, 0.6675], [0.8202, 0.6974, 0.7193, 0.6702, 0.593, 0.6587, 0.6324, 0.6771, 0.6412, 0.7512, 0.0, 0.6671, 0.6151, 0.7198, 0.65, 0.6712, 0.5932, 0.6757, 0.6401, 0.5793, 0.6603, 0.5884, 0.8636, 0.6609, 0.6417, 0.8337, 0.6495, 0.659, 0.6735, 0.6375, 0.645, 0.6937, 0.6138, 0.6036, 0.6547, 0.6469, 0.6266, 0.6082, 0.5698, 0.5497, 0.6554, 0.8599, 0.6519, 0.743, 0.6605], [0.6286, 0.6982, 0.6712, 0.6915, 0.7107, 0.6654, 0.6642, 0.7172, 0.6597, 0.6896, 0.6671, 0.0, 0.6523, 0.705, 0.6656, 0.7155, 0.6806, 0.6375, 0.6881, 0.6222, 0.7071, 0.5171, 0.7265, 0.6819, 0.695, 0.6216, 0.6894, 0.6729, 0.7411, 0.6605, 0.6501, 0.7131, 0.6384, 0.6063, 0.6517, 0.6753, 0.6519, 0.6104, 0.588, 0.6361, 0.7033, 0.7175, 0.6476, 0.6997, 0.7082], [0.5826, 0.6895, 0.7089, 0.7505, 0.6706, 0.6535, 0.73, 0.7317, 0.6522, 0.7098, 0.6151, 0.6523, 0.0, 0.6834, 0.7668, 0.7326, 0.6529, 0.7154, 0.7165, 0.7052, 0.728, 0.5532, 0.6501, 0.7507, 0.6761, 0.6048, 0.711, 0.704, 0.7211, 0.6674, 0.6636, 0.756, 0.6412, 0.6576, 0.7141, 0.7815, 0.6098, 0.5992, 0.5796, 0.6124, 0.7577, 0.6622, 0.6681, 0.7058, 0.6511], [0.7039, 0.7152, 0.7496, 0.8229, 0.6227, 0.6717, 0.6837, 0.777, 0.64, 0.7215, 0.7198, 0.705, 0.6834, 0.0, 0.679, 0.8049, 0.6647, 0.7233, 0.7247, 0.6692, 0.758, 0.5506, 0.7348, 0.7923, 0.693, 0.7066, 0.7566, 0.7486, 0.8049, 0.6999, 0.7063, 0.8149, 0.6319, 0.5986, 0.7404, 0.7505, 0.6083, 0.5732, 0.552, 0.6559, 0.7326, 0.7394, 0.7093, 0.7297, 0.7197], [0.6331, 0.7245, 0.7974, 0.7157, 0.654, 0.656, 0.7284, 0.6979, 0.6638, 0.7533, 0.65, 0.6656, 0.7668, 0.679, 0.0, 0.723, 0.6943, 0.6632, 0.7631, 0.7534, 0.7618, 0.5562, 0.7156, 0.74, 0.6952, 0.6265, 0.6556, 0.6815, 0.6875, 0.6508, 0.7507, 0.7421, 0.6541, 0.6951, 0.7141, 0.7759, 0.6097, 0.6697, 0.6562, 0.6528, 0.7265, 0.6984, 0.708, 0.7579, 0.6936], [0.6214, 0.7131, 0.7004, 0.8419, 0.7105, 0.6979, 0.6854, 0.7742, 0.6858, 0.7537, 0.6712, 0.7155, 0.7326, 0.8049, 0.723, 0.0, 0.7425, 0.6976, 0.7118, 0.7165, 0.7743, 0.5237, 0.7265, 0.7741, 0.7601, 0.6437, 0.7614, 0.7475, 0.7578, 0.6909, 0.7237, 0.8777, 0.6291, 0.6116, 0.7226, 0.7161, 0.6179, 0.6164, 0.6106, 0.7316, 0.7623, 0.7201, 0.763, 0.7546, 0.7027], [0.5926, 0.7357, 0.637, 0.6726, 0.7518, 0.6657, 0.6121, 0.7063, 0.6438, 0.6485, 0.5932, 0.6806, 0.6529, 0.6647, 0.6943, 0.7425, 0.0, 0.611, 0.6836, 0.642, 0.7154, 0.4618, 0.6595, 0.6382, 0.6883, 0.5699, 0.6715, 0.712, 0.6998, 0.6669, 0.6946, 0.6853, 0.696, 0.6636, 0.708, 0.648, 0.7016, 0.6892, 0.6983, 0.8638, 0.6659, 0.6558, 0.705, 0.6548, 0.7032], [0.6352, 0.6686, 0.6875, 0.7293, 0.5968, 0.7016, 0.6863, 0.7449, 0.6803, 0.7048, 0.6757, 0.6375, 0.7154, 0.7233, 0.6632, 0.6976, 0.611, 0.0, 0.6947, 0.6323, 0.6956, 0.5294, 0.7043, 0.7343, 0.6518, 0.6267, 0.7413, 0.7038, 0.7217, 0.6553, 0.6702, 0.7356, 0.6174, 0.6109, 0.6996, 0.7177, 0.6079, 0.5473, 0.5365, 0.5553, 0.753, 0.6922, 0.6699, 0.7148, 0.6374], [0.6643, 0.769, 0.7322, 0.7837, 0.6665, 0.7671, 0.746, 0.8061, 0.6356, 0.7202, 0.6401, 0.6881, 0.7165, 0.7247, 0.7631, 0.7118, 0.6836, 0.6947, 0.0, 0.6776, 0.7854, 0.5425, 0.6911, 0.7665, 0.7197, 0.6144, 0.7471, 0.7498, 0.7533, 0.725, 0.7906, 0.7586, 0.7035, 0.7091, 0.6887, 0.7807, 0.625, 0.6275, 0.6232, 0.6578, 0.7626, 0.698, 0.6834, 0.722, 0.6783], [0.585, 0.6221, 0.6843, 0.6908, 0.5947, 0.6081, 0.7341, 0.6998, 0.6813, 0.6933, 0.5793, 0.6222, 0.7052, 0.6692, 0.7534, 0.7165, 0.642, 0.6323, 0.6776, 0.0, 0.8508, 0.5243, 0.6605, 0.7267, 0.7226, 0.6034, 0.6844, 0.7026, 0.6945, 0.6275, 0.6736, 0.6988, 0.6134, 0.6358, 0.6428, 0.6752, 0.5744, 0.6488, 0.6571, 0.6552, 0.7099, 0.6534, 0.6731, 0.698, 0.6561], [0.647, 0.7448, 0.7463, 0.7706, 0.6617, 0.6793, 0.7411, 0.7848, 0.6933, 0.7433, 0.6603, 0.7071, 0.728, 0.758, 0.7618, 0.7743, 0.7154, 0.6956, 0.7854, 0.8508, 0.0, 0.4804, 0.7393, 0.7883, 0.7775, 0.6522, 0.7563, 0.7802, 0.8042, 0.7357, 0.7586, 0.7777, 0.6805, 0.6753, 0.7278, 0.7346, 0.6458, 0.6983, 0.6918, 0.6796, 0.7775, 0.7311, 0.721, 0.7449, 0.7274], [0.6222, 0.4778, 0.5809, 0.5257, 0.5142, 0.4858, 0.5645, 0.5408, 0.4831, 0.5854, 0.5884, 0.5171, 0.5532, 0.5506, 0.5562, 0.5237, 0.4618, 0.5294, 0.5425, 0.5243, 0.4804, 0.0, 0.5771, 0.558, 0.5573, 0.6035, 0.5179, 0.4837, 0.4909, 0.4415, 0.4756, 0.5266, 0.4419, 0.4605, 0.4842, 0.5408, 0.4299, 0.4264, 0.4288, 0.4791, 0.582, 0.6088, 0.5415, 0.5941, 0.5046], [0.8346, 0.7274, 0.7201, 0.7341, 0.6483, 0.7022, 0.6953, 0.7058, 0.674, 0.7708, 0.8636, 0.7265, 0.6501, 0.7348, 0.7156, 0.7265, 0.6595, 0.7043, 0.6911, 0.6605, 0.7393, 0.5771, 0.0, 0.7073, 0.7006, 0.8507, 0.6825, 0.6747, 0.7156, 0.6548, 0.6839, 0.7639, 0.6385, 0.6368, 0.6954, 0.7129, 0.643, 0.6514, 0.6116, 0.604, 0.705, 0.9595, 0.6843, 0.7763, 0.6736], [0.7031, 0.7099, 0.7504, 0.8392, 0.6415, 0.688, 0.7191, 0.7811, 0.6672, 0.7356, 0.6609, 0.6819, 0.7507, 0.7923, 0.74, 0.7741, 0.6382, 0.7343, 0.7665, 0.7267, 0.7883, 0.558, 0.7073, 0.0, 0.7265, 0.6728, 0.7631, 0.7722, 0.7874, 0.7313, 0.773, 0.8335, 0.6844, 0.6745, 0.7147, 0.7738, 0.6591, 0.5933, 0.5679, 0.5934, 0.7854, 0.7058, 0.7223, 0.7291, 0.6786], [0.6228, 0.7158, 0.655, 0.7296, 0.7035, 0.6649, 0.7229, 0.7121, 0.6685, 0.7367, 0.6417, 0.695, 0.6761, 0.693, 0.6952, 0.7601, 0.6883, 0.6518, 0.7197, 0.7226, 0.7775, 0.5573, 0.7006, 0.7265, 0.0, 0.6075, 0.6993, 0.739, 0.7181, 0.7114, 0.6935, 0.7494, 0.6946, 0.666, 0.628, 0.671, 0.6495, 0.6843, 0.6841, 0.6215, 0.7094, 0.6999, 0.6655, 0.7387, 0.6746], [0.8294, 0.6289, 0.6686, 0.6874, 0.5655, 0.63, 0.6418, 0.6656, 0.6067, 0.6844, 0.8337, 0.6216, 0.6048, 0.7066, 0.6265, 0.6437, 0.5699, 0.6267, 0.6144, 0.6034, 0.6522, 0.6035, 0.8507, 0.6728, 0.6075, 0.0, 0.6321, 0.6268, 0.6471, 0.5786, 0.6131, 0.682, 0.5554, 0.5569, 0.6557, 0.6437, 0.6016, 0.5864, 0.5615, 0.5437, 0.6491, 0.8517, 0.6374, 0.7015, 0.634], [0.6321, 0.7312, 0.6849, 0.7993, 0.6511, 0.7093, 0.706, 0.9627, 0.6925, 0.7109, 0.6495, 0.6894, 0.711, 0.7566, 0.6556, 0.7614, 0.6715, 0.7413, 0.7471, 0.6844, 0.7563, 0.5179, 0.6825, 0.7631, 0.6993, 0.6321, 0.0, 0.8876, 0.7738, 0.7427, 0.7133, 0.7818, 0.6823, 0.6616, 0.6942, 0.7238, 0.6723, 0.6108, 0.5984, 0.6609, 0.8521, 0.7013, 0.7142, 0.711, 0.6797], [0.6361, 0.7581, 0.6973, 0.7769, 0.6444, 0.7064, 0.7177, 0.8901, 0.6742, 0.6947, 0.659, 0.6729, 0.704, 0.7486, 0.6815, 0.7475, 0.712, 0.7038, 0.7498, 0.7026, 0.7802, 0.4837, 0.6747, 0.7722, 0.739, 0.6268, 0.8876, 0.0, 0.8056, 0.7815, 0.7149, 0.7642, 0.7115, 0.6931, 0.7168, 0.7086, 0.7064, 0.6402, 0.6276, 0.6707, 0.7917, 0.6911, 0.7044, 0.6879, 0.6932], [0.686, 0.7616, 0.7111, 0.7722, 0.6489, 0.7049, 0.6727, 0.8027, 0.653, 0.7055, 0.6735, 0.7411, 0.7211, 0.8049, 0.6875, 0.7578, 0.6998, 0.7217, 0.7533, 0.6945, 0.8042, 0.4909, 0.7156, 0.7874, 0.7181, 0.6471, 0.7738, 0.8056, 0.0, 0.7827, 0.7268, 0.7676, 0.7038, 0.6866, 0.7227, 0.7394, 0.6909, 0.6356, 0.5926, 0.6678, 0.7677, 0.7223, 0.663, 0.7056, 0.7407], [0.6156, 0.7485, 0.6763, 0.7465, 0.5865, 0.658, 0.6506, 0.7595, 0.6174, 0.6662, 0.6375, 0.6605, 0.6674, 0.6999, 0.6508, 0.6909, 0.6669, 0.6553, 0.725, 0.6275, 0.7357, 0.4415, 0.6548, 0.7313, 0.7114, 0.5786, 0.7427, 0.7815, 0.7827, 0.0, 0.7063, 0.7208, 0.742, 0.691, 0.6588, 0.7184, 0.6605, 0.6338, 0.6148, 0.6096, 0.7131, 0.6566, 0.6175, 0.6712, 0.6505], [0.6884, 0.7503, 0.7096, 0.7725, 0.6407, 0.7075, 0.6662, 0.7514, 0.6384, 0.6825, 0.645, 0.6501, 0.6636, 0.7063, 0.7507, 0.7237, 0.6946, 0.6702, 0.7906, 0.6736, 0.7586, 0.4756, 0.6839, 0.773, 0.6935, 0.6131, 0.7133, 0.7149, 0.7268, 0.7063, 0.0, 0.7774, 0.8279, 0.8524, 0.7281, 0.7294, 0.6495, 0.655, 0.6338, 0.6191, 0.706, 0.666, 0.7185, 0.6926, 0.719], [0.6637, 0.751, 0.741, 0.9575, 0.6808, 0.7151, 0.725, 0.7893, 0.6983, 0.7707, 0.6937, 0.7131, 0.756, 0.8149, 0.7421, 0.8777, 0.6853, 0.7356, 0.7586, 0.6988, 0.7777, 0.5266, 0.7639, 0.8335, 0.7494, 0.682, 0.7818, 0.7642, 0.7676, 0.7208, 0.7774, 0.0, 0.6779, 0.6781, 0.7321, 0.7735, 0.6237, 0.6361, 0.6156, 0.6195, 0.7711, 0.7548, 0.7764, 0.7628, 0.6974], [0.6338, 0.7341, 0.6244, 0.6949, 0.6978, 0.6726, 0.6306, 0.7023, 0.6235, 0.6501, 0.6138, 0.6384, 0.6412, 0.6319, 0.6541, 0.6291, 0.696, 0.6174, 0.7035, 0.6134, 0.6805, 0.4419, 0.6385, 0.6844, 0.6946, 0.5554, 0.6823, 0.7115, 0.7038, 0.742, 0.8279, 0.6779, 0.0, 0.9114, 0.6431, 0.6631, 0.6425, 0.6758, 0.6655, 0.605, 0.6529, 0.6414, 0.6104, 0.6403, 0.615], [0.6459, 0.7166, 0.6356, 0.6701, 0.6486, 0.649, 0.6583, 0.6898, 0.6067, 0.6369, 0.6036, 0.6063, 0.6576, 0.5986, 0.6951, 0.6116, 0.6636, 0.6109, 0.7091, 0.6358, 0.6753, 0.4605, 0.6368, 0.6745, 0.666, 0.5569, 0.6616, 0.6931, 0.6866, 0.691, 0.8524, 0.6781, 0.9114, 0.0, 0.6424, 0.6896, 0.6074, 0.6575, 0.6364, 0.5801, 0.6568, 0.6394, 0.6319, 0.6341, 0.6126], [0.65, 0.7006, 0.7086, 0.7269, 0.6525, 0.6786, 0.6259, 0.7424, 0.6647, 0.6895, 0.6547, 0.6517, 0.7141, 0.7404, 0.7141, 0.7226, 0.708, 0.6996, 0.6887, 0.6428, 0.7278, 0.4842, 0.6954, 0.7147, 0.628, 0.6557, 0.6942, 0.7168, 0.7227, 0.6588, 0.7281, 0.7321, 0.6431, 0.6424, 0.0, 0.7342, 0.6839, 0.6198, 0.6093, 0.6777, 0.6971, 0.7007, 0.708, 0.7048, 0.6903], [0.6461, 0.7056, 0.7627, 0.7684, 0.6822, 0.7058, 0.7026, 0.7574, 0.6563, 0.7579, 0.6469, 0.6753, 0.7815, 0.7505, 0.7759, 0.7161, 0.648, 0.7177, 0.7807, 0.6752, 0.7346, 0.5408, 0.7129, 0.7738, 0.671, 0.6437, 0.7238, 0.7086, 0.7394, 0.7184, 0.7294, 0.7735, 0.6631, 0.6896, 0.7342, 0.0, 0.6221, 0.6014, 0.5897, 0.6339, 0.7813, 0.7008, 0.6928, 0.7686, 0.673], [0.6309, 0.7123, 0.6163, 0.6376, 0.6395, 0.6567, 0.5901, 0.6775, 0.6302, 0.6201, 0.6266, 0.6519, 0.6098, 0.6083, 0.6097, 0.6179, 0.7016, 0.6079, 0.625, 0.5744, 0.6458, 0.4299, 0.643, 0.6591, 0.6495, 0.6016, 0.6723, 0.7064, 0.6909, 0.6605, 0.6495, 0.6237, 0.6425, 0.6074, 0.6839, 0.6221, 0.0, 0.6697, 0.6588, 0.6438, 0.658, 0.6556, 0.6398, 0.6203, 0.6473], [0.5864, 0.6676, 0.633, 0.6389, 0.619, 0.6023, 0.5901, 0.6292, 0.6685, 0.6391, 0.6082, 0.6104, 0.5992, 0.5732, 0.6697, 0.6164, 0.6892, 0.5473, 0.6275, 0.6488, 0.6983, 0.4264, 0.6514, 0.5933, 0.6843, 0.5864, 0.6108, 0.6402, 0.6356, 0.6338, 0.655, 0.6361, 0.6758, 0.6575, 0.6198, 0.6014, 0.6697, 0.0, 0.9566, 0.5808, 0.6278, 0.6421, 0.6231, 0.6417, 0.6323], [0.5518, 0.6346, 0.6089, 0.6225, 0.6311, 0.5959, 0.5765, 0.6213, 0.6464, 0.6144, 0.5698, 0.588, 0.5796, 0.552, 0.6562, 0.6106, 0.6983, 0.5365, 0.6232, 0.6571, 0.6918, 0.4288, 0.6116, 0.5679, 0.6841, 0.5615, 0.5984, 0.6276, 0.5926, 0.6148, 0.6338, 0.6156, 0.6655, 0.6364, 0.6093, 0.5897, 0.6588, 0.9566, 0.0, 0.616, 0.6128, 0.6029, 0.6079, 0.6157, 0.6183], [0.5583, 0.6556, 0.6003, 0.6217, 0.7125, 0.6344, 0.5597, 0.6953, 0.6131, 0.5993, 0.5497, 0.6361, 0.6124, 0.6559, 0.6528, 0.7316, 0.8638, 0.5553, 0.6578, 0.6552, 0.6796, 0.4791, 0.604, 0.5934, 0.6215, 0.5437, 0.6609, 0.6707, 0.6678, 0.6096, 0.6191, 0.6195, 0.605, 0.5801, 0.6777, 0.6339, 0.6438, 0.5808, 0.616, 0.0, 0.6668, 0.6096, 0.6623, 0.6064, 0.6694], [0.6245, 0.6959, 0.7285, 0.7696, 0.6844, 0.698, 0.7398, 0.8478, 0.6991, 0.7679, 0.6554, 0.7033, 0.7577, 0.7326, 0.7265, 0.7623, 0.6659, 0.753, 0.7626, 0.7099, 0.7775, 0.582, 0.705, 0.7854, 0.7094, 0.6491, 0.8521, 0.7917, 0.7677, 0.7131, 0.706, 0.7711, 0.6529, 0.6568, 0.6971, 0.7813, 0.658, 0.6278, 0.6128, 0.6668, 0.0, 0.713, 0.7036, 0.7686, 0.6794], [0.8481, 0.7181, 0.7147, 0.7445, 0.6532, 0.7197, 0.715, 0.7334, 0.664, 0.7633, 0.8599, 0.7175, 0.6622, 0.7394, 0.6984, 0.7201, 0.6558, 0.6922, 0.698, 0.6534, 0.7311, 0.6088, 0.9595, 0.7058, 0.6999, 0.8517, 0.7013, 0.6911, 0.7223, 0.6566, 0.666, 0.7548, 0.6414, 0.6394, 0.7007, 0.7008, 0.6556, 0.6421, 0.6029, 0.6096, 0.713, 0.0, 0.6701, 0.7628, 0.6791], [0.6201, 0.6939, 0.6902, 0.7549, 0.6479, 0.687, 0.6456, 0.7199, 0.6711, 0.72, 0.6519, 0.6476, 0.6681, 0.7093, 0.708, 0.763, 0.705, 0.6699, 0.6834, 0.6731, 0.721, 0.5415, 0.6843, 0.7223, 0.6655, 0.6374, 0.7142, 0.7044, 0.663, 0.6175, 0.7185, 0.7764, 0.6104, 0.6319, 0.708, 0.6928, 0.6398, 0.6231, 0.6079, 0.6623, 0.7036, 0.6701, 0.0, 0.7367, 0.693], [0.6803, 0.7222, 0.7706, 0.7417, 0.7024, 0.6936, 0.705, 0.7377, 0.7056, 0.9612, 0.743, 0.6997, 0.7058, 0.7297, 0.7579, 0.7546, 0.6548, 0.7148, 0.722, 0.698, 0.7449, 0.5941, 0.7763, 0.7291, 0.7387, 0.7015, 0.711, 0.6879, 0.7056, 0.6712, 0.6926, 0.7628, 0.6403, 0.6341, 0.7048, 0.7686, 0.6203, 0.6417, 0.6157, 0.6064, 0.7686, 0.7628, 0.7367, 0.0, 0.6841], [0.6603, 0.7018, 0.7088, 0.6879, 0.6494, 0.6713, 0.6248, 0.7044, 0.6294, 0.6675, 0.6605, 0.7082, 0.6511, 0.7197, 0.6936, 0.7027, 0.7032, 0.6374, 0.6783, 0.6561, 0.7274, 0.5046, 0.6736, 0.6786, 0.6746, 0.634, 0.6797, 0.6932, 0.7407, 0.6505, 0.719, 0.6974, 0.615, 0.6126, 0.6903, 0.673, 0.6473, 0.6323, 0.6183, 0.6694, 0.6794, 0.6791, 0.693, 0.6841, 0.0]], "canvas": {"w": 856, "h": 600}, "links": [{"source": 0, "target": 22, "value": 0.8346}, {"source": 1, "target": 18, "value": 0.769}, {"source": 2, "target": 14, "value": 0.7974}, {"source": 3, "target": 31, "value": 1}, {"source": 4, "target": 16, "value": 0.7518}, {"source": 5, "target": 18, "value": 0.7671}, {"source": 6, "target": 18, "value": 0.746}, {"source": 7, "target": 26, "value": 1}, {"source": 8, "target": 9, "value": 0.7156}, {"source": 9, "target": 43, "value": 0.9612}, {"source": 10, "target": 22, "value": 0.8636}, {"source": 11, "target": 28, "value": 0.7411}, {"source": 12, "target": 35, "value": 0.7815}, {"source": 13, "target": 31, "value": 0.8149}, {"source": 15, "target": 31, "value": 0.8777}, {"source": 16, "target": 39, "value": 0.8638}, {"source": 17, "target": 40, "value": 0.753}, {"source": 18, "target": 30, "value": 0.7906}, {"source": 19, "target": 20, "value": 0.8508}, {"source": 23, "target": 31, "value": 0.8335}, {"source": 24, "target": 20, "value": 0.7775}, {"source": 25, "target": 22, "value": 0.8507}, {"source": 26, "target": 27, "value": 0.8876}, {"source": 28, "target": 27, "value": 0.8056}, {"source": 29, "target": 28, "value": 0.7827}, {"source": 30, "target": 33, "value": 0.8524}, {"source": 32, "target": 33, "value": 0.9114}, {"source": 34, "target": 13, "value": 0.7404}, {"source": 36, "target": 1, "value": 0.7123}, {"source": 38, "target": 37, "value": 1}, {"source": 40, "target": 26, "value": 0.8521}, {"source": 41, "target": 22, "value": 1}, {"source": 42, "target": 31, "value": 0.7764}, {"source": 44, "target": 28, "value": 0.7407}]}