{"nodes": [{"i": 0, "slug": "a-visual-translation-of-the-pandemic", "title": "A Visual Translation of the Pandemic", "url": "/a-visual-translation-of-the-pandemic", "x": 564.83, "y": 105.31}, {"i": 1, "slug": "advanced-interface-design-for-iiif-a-digital-tool-to-explore-image-collections-at-different-scales", "title": "Advanced Interface Design for IIIF: A Digital Tool to Explore Image Collections at Different Scales", "url": "/advanced-interface-design-for-iiif-a-digital-tool-to-explore-image-collections-at-different-scales", "x": 545.3, "y": 219.58}, {"i": 2, "slug": "ai-generated-images-for-representing-individuals-navigating-the-thin-line-between-care-and-bias", "title": "AI-Generated Images for Representing Individuals: Navigating the Thin Line between Care and Bias", "url": "/ai-generated-images-for-representing-individuals-navigating-the-thin-line-between-care-and-bias", "x": 553.7, "y": 402.21}, {"i": 3, "slug": "alfabetizzazione-delle-reti-come-comprendere-progettare-e-leggere-modelli-relazionali-visivi", "title": "Alfabetizzazione delle reti: Come comprendere, progettare e leggere modelli relazionali visivi", "url": "/alfabetizzazione-delle-reti-come-comprendere-progettare-e-leggere-modelli-relazionali-visivi", "x": 399.82, "y": 280.03}, {"i": 4, "slug": "archives-museums-and-installations-aldo-rossis-legacy-in-digital-transition", "title": "Archives, Museums, and Installations: Aldo Rossi's Legacy in Digital Transition", "url": "/archives-museums-and-installations-aldo-rossis-legacy-in-digital-transition", "x": 404.62, "y": 461.93}, {"i": 5, "slug": "ars-memorativa-as-the-genesis-of-information-design-a-conversation-with-manuel-lima", "title": "Ars Memorativa as the Genesis of Information Design: A Conversation with Manuel Lima", "url": "/ars-memorativa-as-the-genesis-of-information-design-a-conversation-with-manuel-lima", "x": 437.66, "y": 318.58}, {"i": 6, "slug": "big-data-and-the-little-big-bang-an-epistemological-revolution", "title": "Big Data and the Little Big Bang: An Epistemological (r)Evolution", "url": "/big-data-and-the-little-big-bang-an-epistemological-revolution", "x": 382.54, "y": 64.86}, {"i": 7, "slug": "choreography-design-and-technology-an-interview-with-lins-derry-from-the-metalab-at-harvard", "title": "Choreography, Design, and Technology: An Interview with Lins Derry from the metaLAB (at) Harvard", "url": "/choreography-design-and-technology-an-interview-with-lins-derry-from-the-metalab-at-harvard", "x": 434.75, "y": 51.25}, {"i": 8, "slug": "collective-care-visap-25-catalog", "title": "Collective Care: VISAP '25 Catalog", "url": "/collective-care-visap-25-catalog", "x": 311.03, "y": 384.46}, {"i": 9, "slug": "covic-collecting-visualizations-of-covid-19-to-outline-a-space-of-possibilities", "title": "COVIC: Collecting Visualizations of COVID-19 to Outline a Space of Possibilities", "url": "/covic-collecting-visualizations-of-covid-19-to-outline-a-space-of-possibilities", "x": 555.82, "y": 158.51}, {"i": 10, "slug": "data-storytelling-a-visual-historiography-of-winter-olympic-games", "title": "Data Storytelling: A Visual Historiography of Winter Olympic Games", "url": "/data-storytelling-a-visual-historiography-of-winter-olympic-games", "x": 505.18, "y": 177.28}, {"i": 11, "slug": "digital-habitus-or-personalization-without-personality", "title": "Digital Habitus or Personalization without Personality", "url": "/digital-habitus-or-personalization-without-personality", "x": 268.28, "y": 348.3}, {"i": 12, "slug": "drawing-network-visualizations-on-a-continuous-spherical-surface", "title": "Drawing Network Visualizations on a Continuous, Spherical Surface", "url": "/drawing-network-visualizations-on-a-continuous-spherical-surface", "x": 414.2, "y": 228.03}, {"i": 13, "slug": "ethical-and-aesthetical-questions-on-stock-images-the-case-of-ais-depictions", "title": "Ethical and Aesthetical Questions on Stock Images: The Case of AI’s Depictions", "url": "/ethical-and-aesthetical-questions-on-stock-images-the-case-of-ais-depictions", "x": 503.01, "y": 383.51}, {"i": 14, "slug": "experiments-of-network-literacy-for-urban-designers-bridging-information-design-and-spatial-morphology", "title": "Experiments of Network Literacy for Urban Designers: Bridging Information Design and Spatial Morphology", "url": "/experiments-of-network-literacy-for-urban-designers-bridging-information-design-and-spatial-morphology", "x": 489.92, "y": 304.91}, {"i": 15, "slug": "extending-museum-beyond-physical-space-a-data-driven-study-of-aldo-rossis-analogous-city-as-a-mobile-museum-object", "title": "Extending Museum beyond Physical Space: A Data-Driven Study of Aldo Rossi's Analogous City as a Mobile Museum Object", "url": "/extending-museum-beyond-physical-space-a-data-driven-study-of-aldo-rossis-analogous-city-as-a-mobile-museum-object", "x": 457.27, "y": 449.78}, {"i": 16, "slug": "four-guiding-principles-for-rethinking-organizational-charts", "title": "Four Guiding Principles for Rethinking Organizational Charts", "url": "/four-guiding-principles-for-rethinking-organizational-charts", "x": 458.48, "y": 141.8}, {"i": 17, "slug": "from-wisdom-to-data-philosophical-atlas-on-visual-representations-of-knowledge", "title": "From Wisdom to Data: Philosophical Atlas on Visual Representations of Knowledge", "url": "/from-wisdom-to-data-philosophical-atlas-on-visual-representations-of-knowledge", "x": 512.14, "y": 436.73}, {"i": 18, "slug": "grounding-ai-exploring-the-role-of-algorithms-in-science", "title": "Grounding AI: Exploring the Role of Algorithms in Science", "url": "/grounding-ai-exploring-the-role-of-algorithms-in-science", "x": 624.15, "y": 297.4}, {"i": 19, "slug": "grounding-ai-map-the-consequences-of-living-with-the-trouble-of-an-irreductionist-map", "title": "Grounding AI Map: The Consequences of Living with the Trouble of an Irreductionist Map", "url": "/grounding-ai-map-the-consequences-of-living-with-the-trouble-of-an-irreductionist-map", "x": 570.24, "y": 300.51}, {"i": 20, "slug": "immaginare-gesti-barriera-contro-il-ritorno-alla-produzione-pre-crisi", "title": "Immaginare gesti-barriera contro il ritorno alla produzione pre-crisi", "url": "/immaginare-gesti-barriera-contro-il-ritorno-alla-produzione-pre-crisi", "x": 264.93, "y": 218.48}, {"i": 21, "slug": "immersive-architectures-for-visual-data-literacy", "title": "Immersive Architectures for Visual Data Literacy", "url": "/immersive-architectures-for-visual-data-literacy", "x": 514.18, "y": 124.18}, {"i": 22, "slug": "in-praise-of-visual-representation-an-inquiry-into-text-analysis-and-network-visualization-for-charting-scientific-communities", "title": "In Praise of Visual Representation: An Inquiry into Text Analysis and Network Visualization for Charting Scientific Communities", "url": "/in-praise-of-visual-representation-an-inquiry-into-text-analysis-and-network-visualization-for-charting-scientific-communities", "x": 385.46, "y": 332.04}, {"i": 23, "slug": "living-library-of-trees-mapping-knowledge-ecology-in-arnold-arboretum", "title": "Living Library of Trees: Mapping Knowledge Ecology in Arnold Arboretum", "url": "/living-library-of-trees-mapping-knowledge-ecology-in-arnold-arboretum", "x": 599.93, "y": 345.67}, {"i": 24, "slug": "making-visible-the-invisible-work-of-scientists-during-the-covid-19-pandemic", "title": "Making Visible the Invisible Work of Scientists during the COVID-19 Pandemic", "url": "/making-visible-the-invisible-work-of-scientists-during-the-covid-19-pandemic", "x": 523.19, "y": 70.91}, {"i": 25, "slug": "mapping-affinities-democratizing-data-visualization", "title": "Mapping Affinities: Democratizing Data Visualization", "url": "/mapping-affinities-democratizing-data-visualization", "x": 406.24, "y": 155.42}, {"i": 26, "slug": "mapping-affinities-in-academic-organizations", "title": "Mapping Affinities in Academic Organizations", "url": "/mapping-affinities-in-academic-organizations", "x": 420.45, "y": 103.31}, {"i": 27, "slug": "mapping-as-a-contemporary-instrument-for-orientation-in-conferences", "title": "Mapping as a Contemporary Instrument for Orientation in Conferences", "url": "/mapping-as-a-contemporary-instrument-for-orientation-in-conferences", "x": 347.63, "y": 293.53}, {"i": 28, "slug": "mapping-techniques-for-an-automated-library-classification-the-case-study-of-library-loans-at-bibliotheca-hertziana", "title": "Mapping Techniques for an Automated Library Classification: The Case Study of Library Loans at Bibliotheca Hertziana", "url": "/mapping-techniques-for-an-automated-library-classification-the-case-study-of-library-loans-at-bibliotheca-hertziana", "x": 362.02, "y": 241.48}, {"i": 29, "slug": "moving-pictures-of-thought-extracting-visual-knowledge-in-charles-s-peirce-s-manuscripts-with-vision-language-models", "title": "Moving Pictures of Thought: Extracting Visual Knowledge in Charles S. Peirce’s Manuscripts with Vision-Language Models", "url": "/moving-pictures-of-thought-extracting-visual-knowledge-in-charles-s-peirce-s-manuscripts-with-vision-language-models", "x": 589.74, "y": 250.27}, {"i": 30, "slug": "network-literacy-how-to-understand-design-and-read-a-visual-relational-model", "title": "Network Literacy: How to Understand, Design, and Read a Visual Relational Model", "url": "/network-literacy-how-to-understand-design-and-read-a-visual-relational-model", "x": 451.95, "y": 266.59}, {"i": 31, "slug": "orchestrating-cultural-heritage-exploring-the-automated-analysis-and-organization-of-charles-s-peirce-s-pap-manuscript", "title": "Orchestrating Cultural Heritage: Exploring the Automated Analysis and Organization of Charles S. Peirce’s PAP Manuscript", "url": "/orchestrating-cultural-heritage-exploring-the-automated-analysis-and-organization-of-charles-s-peirce-s-pap-manuscript", "x": 638.54, "y": 227.04}, {"i": 32, "slug": "peirce-interprets-peirce-digitization-automation-and-interpretation-in-charles-peirce-s-manuscripts", "title": "Peirce Interprets Peirce: Digitization, Automation, and Interpretation in Charles Peirce’s Manuscripts", "url": "/peirce-interprets-peirce-digitization-automation-and-interpretation-in-charles-peirce-s-manuscripts", "x": 594.08, "y": 196.39}, {"i": 33, "slug": "printing-walkable-visualizations", "title": "Printing Walkable Visualizations", "url": "/printing-walkable-visualizations", "x": 466.5, "y": 214.59}, {"i": 34, "slug": "self-recognition-in-data-visualization-how-individuals-see-themselves-in-visual-representations", "title": "Self-Recognition in Data Visualization: How Individuals See Themselves in Visual Representations", "url": "/self-recognition-in-data-visualization-how-individuals-see-themselves-in-visual-representations", "x": 261.63, "y": 294.71}, {"i": 35, "slug": "super-vision-tracing-epfl-history-through-8000-doctoral-theses", "title": "Super-Vision: Tracing EPFL History through 8,000 Doctoral Theses", "url": "/super-vision-tracing-epfl-history-through-8000-doctoral-theses", "x": 368.28, "y": 116.94}, {"i": 36, "slug": "surprise-machines-revealing-harvard-art-museums-image-collection", "title": "Surprise Machines: Revealing Harvard Art Museums’ Image Collection", "url": "/surprise-machines-revealing-harvard-art-museums-image-collection", "x": 319.02, "y": 139.07}, {"i": 37, "slug": "the-analogous-city-the-map", "title": "The Analogous City, the Map", "url": "/the-analogous-city-the-map", "x": 420.46, "y": 410.27}, {"i": 38, "slug": "the-hermeneutic-circle-of-data-visualization-the-case-study-of-the-affinity-map", "title": "The Hermeneutic Circle of Data Visualization: The Case Study of the Affinity Map", "url": "/the-hermeneutic-circle-of-data-visualization-the-case-study-of-the-affinity-map", "x": 472.64, "y": 89.67}, {"i": 39, "slug": "visualizing-as-a-form-of-collective-care", "title": "Visualizing as a Form of Collective Care", "url": "/visualizing-as-a-form-of-collective-care", "x": 341.26, "y": 429.21}, {"i": 40, "slug": "weather-map-a-diachronic-visual-model-for-controversy-mapping", "title": "Weather Map: A Diachronic Visual Model for Controversy Mapping", "url": "/weather-map-a-diachronic-visual-model-for-controversy-mapping", "x": 546.02, "y": 348.8}], "similarity": [[0.0, 0.6174, 0.6356, 0.6739, 0.5821, 0.6281, 0.6021, 0.5641, 0.6477, 0.7537, 0.6046, 0.5795, 0.6796, 0.6285, 0.6111, 0.591, 0.5933, 0.648, 0.5516, 0.6183, 0.6144, 0.7839, 0.6802, 0.5946, 0.7895, 0.5912, 0.5761, 0.6503, 0.6032, 0.6748, 0.6587, 0.6314, 0.637, 0.6434, 0.6495, 0.597, 0.5501, 0.5602, 0.5935, 0.6479, 0.6384], [0.6174, 0.0, 0.7479, 0.7417, 0.6936, 0.7183, 0.6692, 0.6766, 0.7183, 0.6608, 0.6723, 0.6936, 0.7136, 0.7554, 0.7387, 0.7296, 0.6722, 0.7333, 0.6444, 0.7457, 0.4778, 0.6985, 0.7117, 0.7069, 0.5992, 0.7541, 0.7345, 0.7119, 0.7236, 0.7802, 0.7599, 0.709, 0.6923, 0.7015, 0.7218, 0.6705, 0.6505, 0.6467, 0.7034, 0.7154, 0.6965], [0.6356, 0.7479, 0.0, 0.7298, 0.6279, 0.6627, 0.6959, 0.6614, 0.7306, 0.6622, 0.6692, 0.747, 0.7502, 0.8218, 0.711, 0.6382, 0.6747, 0.7635, 0.7066, 0.7551, 0.5588, 0.7008, 0.7516, 0.6415, 0.6444, 0.6978, 0.6758, 0.7006, 0.6802, 0.7169, 0.7382, 0.6207, 0.6256, 0.6945, 0.772, 0.574, 0.6109, 0.5994, 0.7527, 0.7381, 0.6885], [0.6739, 0.7417, 0.7298, 0.0, 0.6758, 0.7303, 0.7323, 0.6828, 0.7434, 0.6278, 0.6915, 0.7548, 0.8229, 0.7221, 0.8556, 0.6869, 0.7296, 0.7603, 0.6908, 0.7706, 0.5257, 0.7341, 0.8392, 0.7296, 0.6874, 0.8126, 0.7688, 0.7529, 0.7276, 0.7673, 0.9575, 0.7002, 0.6701, 0.7269, 0.7595, 0.6376, 0.6389, 0.6259, 0.7856, 0.7474, 0.6879], [0.5821, 0.6936, 0.6279, 0.6758, 0.0, 0.6937, 0.6333, 0.6806, 0.7099, 0.5975, 0.7228, 0.6888, 0.63, 0.6865, 0.7042, 0.7676, 0.6096, 0.6628, 0.6103, 0.6748, 0.5291, 0.6635, 0.6579, 0.7169, 0.5802, 0.6594, 0.6498, 0.6427, 0.5979, 0.6569, 0.6945, 0.7095, 0.6617, 0.6645, 0.6941, 0.652, 0.6289, 0.721, 0.6884, 0.7207, 0.664], [0.6281, 0.7183, 0.6627, 0.7303, 0.6937, 0.0, 0.6807, 0.6824, 0.6904, 0.6319, 0.6672, 0.6589, 0.6752, 0.6799, 0.7033, 0.6768, 0.7052, 0.7256, 0.613, 0.6828, 0.4887, 0.7049, 0.6918, 0.6671, 0.6325, 0.7202, 0.6882, 0.6861, 0.6546, 0.721, 0.7185, 0.6777, 0.6514, 0.6816, 0.7194, 0.6585, 0.6032, 0.64, 0.7058, 0.699, 0.6731], [0.6021, 0.6692, 0.6959, 0.7323, 0.6333, 0.6807, 0.0, 0.6451, 0.7046, 0.6356, 0.678, 0.7593, 0.7023, 0.7506, 0.7137, 0.6277, 0.717, 0.7836, 0.7324, 0.7517, 0.5891, 0.7, 0.7269, 0.7209, 0.6535, 0.7529, 0.729, 0.6728, 0.6602, 0.6654, 0.7434, 0.643, 0.6581, 0.642, 0.7278, 0.5885, 0.5838, 0.574, 0.7881, 0.7317, 0.6285], [0.5641, 0.6766, 0.6614, 0.6828, 0.6806, 0.6824, 0.6451, 0.0, 0.7166, 0.6293, 0.6552, 0.674, 0.644, 0.6965, 0.6955, 0.659, 0.6708, 0.6542, 0.6908, 0.6986, 0.4884, 0.6576, 0.674, 0.673, 0.5926, 0.6984, 0.6726, 0.6638, 0.6064, 0.6587, 0.7133, 0.6321, 0.605, 0.6661, 0.6703, 0.6117, 0.6556, 0.6202, 0.7285, 0.7128, 0.624], [0.6477, 0.7183, 0.7306, 0.7434, 0.7099, 0.6904, 0.7046, 0.7166, 0.0, 0.7117, 0.6878, 0.7092, 0.7196, 0.745, 0.7277, 0.6594, 0.7035, 0.735, 0.692, 0.7419, 0.5847, 0.7694, 0.7332, 0.7351, 0.683, 0.7348, 0.6782, 0.6924, 0.6593, 0.6722, 0.7684, 0.6458, 0.6348, 0.689, 0.7483, 0.6186, 0.6377, 0.6032, 0.7732, 0.9599, 0.6663], [0.7537, 0.6608, 0.6622, 0.6278, 0.5975, 0.6319, 0.6356, 0.6293, 0.7117, 0.0, 0.6322, 0.5878, 0.68, 0.6447, 0.6348, 0.5849, 0.6396, 0.6196, 0.5366, 0.6258, 0.5647, 0.7974, 0.6218, 0.6209, 0.7743, 0.6454, 0.639, 0.6379, 0.6335, 0.6163, 0.6518, 0.6258, 0.5885, 0.6226, 0.6199, 0.608, 0.5898, 0.5453, 0.6368, 0.6964, 0.6057], [0.6046, 0.6723, 0.6692, 0.6915, 0.7228, 0.6672, 0.678, 0.6552, 0.6878, 0.6322, 0.0, 0.6491, 0.705, 0.6817, 0.7015, 0.6901, 0.6378, 0.67, 0.6222, 0.7071, 0.5171, 0.7265, 0.6819, 0.695, 0.6216, 0.6858, 0.6634, 0.7182, 0.6598, 0.6473, 0.7131, 0.6319, 0.6063, 0.6517, 0.6749, 0.6519, 0.6104, 0.6392, 0.7026, 0.7072, 0.7082], [0.5795, 0.6936, 0.747, 0.7548, 0.6888, 0.6589, 0.7593, 0.674, 0.7092, 0.5878, 0.6491, 0.0, 0.6953, 0.7889, 0.7436, 0.6592, 0.7106, 0.7507, 0.7152, 0.7395, 0.5371, 0.6423, 0.7563, 0.6708, 0.5921, 0.7369, 0.6928, 0.6946, 0.6774, 0.682, 0.7558, 0.646, 0.6605, 0.7086, 0.8114, 0.5953, 0.609, 0.6211, 0.7877, 0.7212, 0.6551], [0.6796, 0.7136, 0.7502, 0.8229, 0.63, 0.6752, 0.7023, 0.644, 0.7196, 0.68, 0.705, 0.6953, 0.0, 0.6985, 0.804, 0.6753, 0.7237, 0.7157, 0.6692, 0.758, 0.5506, 0.7348, 0.7923, 0.693, 0.7066, 0.7646, 0.7297, 0.7752, 0.691, 0.7017, 0.8149, 0.6529, 0.5986, 0.7404, 0.7321, 0.6083, 0.5732, 0.6598, 0.7406, 0.7346, 0.7197], [0.6285, 0.7554, 0.8218, 0.7221, 0.6865, 0.6799, 0.7506, 0.6965, 0.745, 0.6447, 0.6817, 0.7889, 0.6985, 0.0, 0.7409, 0.7226, 0.6697, 0.8029, 0.7688, 0.7814, 0.5474, 0.7159, 0.7194, 0.6941, 0.6374, 0.7098, 0.6837, 0.6792, 0.6725, 0.7516, 0.7344, 0.6681, 0.6891, 0.725, 0.7865, 0.6231, 0.6821, 0.6907, 0.77, 0.7612, 0.6955], [0.6111, 0.7387, 0.711, 0.8556, 0.7042, 0.7033, 0.7137, 0.6955, 0.7277, 0.6348, 0.7015, 0.7436, 0.804, 0.7409, 0.0, 0.7416, 0.6961, 0.7197, 0.7056, 0.765, 0.5113, 0.7165, 0.7811, 0.7526, 0.6325, 0.7766, 0.7367, 0.7392, 0.702, 0.7302, 0.886, 0.6588, 0.6227, 0.7052, 0.7232, 0.6034, 0.6031, 0.7129, 0.7854, 0.7358, 0.6786], [0.591, 0.7296, 0.6382, 0.6869, 0.7676, 0.6768, 0.6277, 0.659, 0.6594, 0.5849, 0.6901, 0.6592, 0.6753, 0.7226, 0.7416, 0.0, 0.6229, 0.6646, 0.653, 0.7276, 0.4732, 0.6679, 0.6517, 0.6997, 0.5778, 0.6953, 0.7113, 0.663, 0.678, 0.7049, 0.7011, 0.7055, 0.6746, 0.7179, 0.6549, 0.7034, 0.6967, 0.8644, 0.6642, 0.6716, 0.7106], [0.5933, 0.6722, 0.6747, 0.7296, 0.6096, 0.7052, 0.717, 0.6708, 0.7035, 0.6396, 0.6378, 0.7106, 0.7237, 0.6697, 0.6961, 0.6229, 0.0, 0.6932, 0.6329, 0.696, 0.5304, 0.7048, 0.7347, 0.6523, 0.6273, 0.7708, 0.6926, 0.6948, 0.643, 0.6648, 0.7362, 0.6263, 0.6112, 0.6999, 0.7389, 0.6079, 0.5476, 0.5595, 0.7609, 0.7208, 0.6376], [0.648, 0.7333, 0.7635, 0.7603, 0.6628, 0.7256, 0.7836, 0.6542, 0.735, 0.6196, 0.67, 0.7507, 0.7157, 0.8029, 0.7197, 0.6646, 0.6932, 0.0, 0.705, 0.7899, 0.5539, 0.6988, 0.768, 0.7052, 0.6138, 0.7521, 0.7133, 0.7202, 0.6899, 0.7662, 0.7519, 0.6674, 0.6758, 0.674, 0.782, 0.5956, 0.6103, 0.6412, 0.7882, 0.7488, 0.6774], [0.5516, 0.6444, 0.7066, 0.6908, 0.6103, 0.613, 0.7324, 0.6908, 0.692, 0.5366, 0.6222, 0.7152, 0.6692, 0.7688, 0.7056, 0.653, 0.6329, 0.705, 0.0, 0.8508, 0.5243, 0.6605, 0.7267, 0.7226, 0.6034, 0.6857, 0.6942, 0.6677, 0.6463, 0.6746, 0.6988, 0.6167, 0.6358, 0.6428, 0.6752, 0.5744, 0.6488, 0.6605, 0.7261, 0.708, 0.6561], [0.6183, 0.7457, 0.7551, 0.7706, 0.6748, 0.6828, 0.7517, 0.6986, 0.7419, 0.6258, 0.7071, 0.7395, 0.758, 0.7814, 0.765, 0.7276, 0.696, 0.7899, 0.8508, 0.0, 0.4804, 0.7393, 0.7883, 0.7775, 0.6522, 0.7588, 0.7605, 0.7684, 0.7429, 0.7693, 0.7777, 0.6734, 0.6753, 0.7278, 0.7403, 0.6458, 0.6983, 0.6832, 0.7839, 0.7516, 0.7274], [0.6144, 0.4778, 0.5588, 0.5257, 0.5291, 0.4887, 0.5891, 0.4884, 0.5847, 0.5647, 0.5171, 0.5371, 0.5506, 0.5474, 0.5113, 0.4732, 0.5304, 0.5539, 0.5243, 0.4804, 0.0, 0.5771, 0.558, 0.5573, 0.6035, 0.5011, 0.4745, 0.4941, 0.4386, 0.4631, 0.5266, 0.4556, 0.4605, 0.4842, 0.5282, 0.4299, 0.4264, 0.4864, 0.5915, 0.5996, 0.5046], [0.7839, 0.6985, 0.7008, 0.7341, 0.6635, 0.7049, 0.7, 0.6576, 0.7694, 0.7974, 0.7265, 0.6423, 0.7348, 0.7159, 0.7165, 0.6679, 0.7048, 0.6988, 0.6605, 0.7393, 0.5771, 0.0, 0.7073, 0.7006, 0.8507, 0.6981, 0.6589, 0.6907, 0.6535, 0.6794, 0.7639, 0.6361, 0.6368, 0.6954, 0.7107, 0.643, 0.6514, 0.6066, 0.7026, 0.7797, 0.6736], [0.6802, 0.7117, 0.7516, 0.8392, 0.6579, 0.6918, 0.7269, 0.674, 0.7332, 0.6218, 0.6819, 0.7563, 0.7923, 0.7194, 0.7811, 0.6517, 0.7347, 0.768, 0.7267, 0.7883, 0.558, 0.7073, 0.0, 0.7265, 0.6728, 0.7678, 0.7544, 0.7867, 0.7178, 0.7901, 0.8335, 0.6872, 0.6745, 0.7147, 0.7607, 0.6591, 0.5933, 0.5979, 0.8053, 0.7359, 0.6786], [0.5946, 0.7069, 0.6415, 0.7296, 0.7169, 0.6671, 0.7209, 0.673, 0.7351, 0.6209, 0.695, 0.6708, 0.693, 0.6941, 0.7526, 0.6997, 0.6523, 0.7052, 0.7226, 0.7775, 0.5573, 0.7006, 0.7265, 0.0, 0.6075, 0.7049, 0.7266, 0.6822, 0.695, 0.6931, 0.7494, 0.6709, 0.666, 0.628, 0.6622, 0.6495, 0.6843, 0.6259, 0.7062, 0.7462, 0.6746], [0.7895, 0.5992, 0.6444, 0.6874, 0.5802, 0.6325, 0.6535, 0.5926, 0.683, 0.7743, 0.6216, 0.5921, 0.7066, 0.6374, 0.6325, 0.5778, 0.6273, 0.6138, 0.6034, 0.6522, 0.6035, 0.8507, 0.6728, 0.6075, 0.0, 0.6343, 0.6075, 0.6275, 0.5668, 0.5978, 0.682, 0.5719, 0.5569, 0.6557, 0.6377, 0.6016, 0.5864, 0.547, 0.6363, 0.7023, 0.634], [0.5912, 0.7541, 0.6978, 0.8126, 0.6594, 0.7202, 0.7529, 0.6984, 0.7348, 0.6454, 0.6858, 0.7369, 0.7646, 0.7098, 0.7766, 0.6953, 0.7708, 0.7521, 0.6857, 0.7588, 0.5011, 0.6981, 0.7678, 0.7049, 0.6343, 0.0, 0.8945, 0.7677, 0.7282, 0.7212, 0.8097, 0.6923, 0.6734, 0.7132, 0.7573, 0.6607, 0.6091, 0.6547, 0.8403, 0.7364, 0.6705], [0.5761, 0.7345, 0.6758, 0.7688, 0.6498, 0.6882, 0.729, 0.6726, 0.6782, 0.639, 0.6634, 0.6928, 0.7297, 0.6837, 0.7367, 0.7113, 0.6926, 0.7133, 0.6942, 0.7605, 0.4745, 0.6589, 0.7544, 0.7266, 0.6075, 0.8945, 0.0, 0.7731, 0.7486, 0.7128, 0.7511, 0.7141, 0.6855, 0.713, 0.7012, 0.7066, 0.6355, 0.6653, 0.7669, 0.6738, 0.6695], [0.6503, 0.7119, 0.7006, 0.7529, 0.6427, 0.6861, 0.6728, 0.6638, 0.6924, 0.6379, 0.7182, 0.6946, 0.7752, 0.6792, 0.7392, 0.663, 0.6948, 0.7202, 0.6677, 0.7684, 0.4941, 0.6907, 0.7867, 0.6822, 0.6275, 0.7677, 0.7731, 0.0, 0.7727, 0.7435, 0.7614, 0.6884, 0.6787, 0.7107, 0.7313, 0.6662, 0.6194, 0.6274, 0.76, 0.6932, 0.6976], [0.6032, 0.7236, 0.6802, 0.7276, 0.5979, 0.6546, 0.6602, 0.6064, 0.6593, 0.6335, 0.6598, 0.6774, 0.691, 0.6725, 0.702, 0.678, 0.643, 0.6899, 0.6463, 0.7429, 0.4386, 0.6535, 0.7178, 0.695, 0.5668, 0.7282, 0.7486, 0.7727, 0.0, 0.7386, 0.7053, 0.7248, 0.682, 0.6593, 0.7225, 0.6511, 0.6415, 0.6144, 0.6995, 0.6658, 0.6358], [0.6748, 0.7802, 0.7169, 0.7673, 0.6569, 0.721, 0.6654, 0.6587, 0.6722, 0.6163, 0.6473, 0.682, 0.7017, 0.7516, 0.7302, 0.7049, 0.6648, 0.7662, 0.6746, 0.7693, 0.4631, 0.6794, 0.7901, 0.6931, 0.5978, 0.7212, 0.7128, 0.7435, 0.7386, 0.0, 0.7768, 0.8273, 0.8333, 0.7297, 0.7294, 0.6523, 0.6489, 0.6194, 0.7031, 0.6825, 0.7095], [0.6587, 0.7599, 0.7382, 0.9575, 0.6945, 0.7185, 0.7434, 0.7133, 0.7684, 0.6518, 0.7131, 0.7558, 0.8149, 0.7344, 0.886, 0.7011, 0.7362, 0.7519, 0.6988, 0.7777, 0.5266, 0.7639, 0.8335, 0.7494, 0.682, 0.8097, 0.7511, 0.7614, 0.7053, 0.7768, 0.0, 0.6808, 0.6781, 0.7321, 0.765, 0.6237, 0.6361, 0.6244, 0.7965, 0.7722, 0.6974], [0.6314, 0.709, 0.6207, 0.7002, 0.7095, 0.6777, 0.643, 0.6321, 0.6458, 0.6258, 0.6319, 0.646, 0.6529, 0.6681, 0.6588, 0.7055, 0.6263, 0.6674, 0.6167, 0.6734, 0.4556, 0.6361, 0.6872, 0.6709, 0.5719, 0.6923, 0.7141, 0.6884, 0.7248, 0.8273, 0.6808, 0.0, 0.8687, 0.6609, 0.663, 0.6379, 0.6456, 0.6173, 0.6583, 0.6413, 0.6122], [0.637, 0.6923, 0.6256, 0.6701, 0.6617, 0.6514, 0.6581, 0.605, 0.6348, 0.5885, 0.6063, 0.6605, 0.5986, 0.6891, 0.6227, 0.6746, 0.6112, 0.6758, 0.6358, 0.6753, 0.4605, 0.6368, 0.6745, 0.666, 0.5569, 0.6734, 0.6855, 0.6787, 0.682, 0.8333, 0.6781, 0.8687, 0.0, 0.6424, 0.6745, 0.6074, 0.6575, 0.5835, 0.652, 0.6418, 0.6126], [0.6434, 0.7015, 0.6945, 0.7269, 0.6645, 0.6816, 0.642, 0.6661, 0.689, 0.6226, 0.6517, 0.7086, 0.7404, 0.725, 0.7052, 0.7179, 0.6999, 0.674, 0.6428, 0.7278, 0.4842, 0.6954, 0.7147, 0.628, 0.6557, 0.7132, 0.713, 0.7107, 0.6593, 0.7297, 0.7321, 0.6609, 0.6424, 0.0, 0.7363, 0.6839, 0.6198, 0.6805, 0.692, 0.7087, 0.6903], [0.6495, 0.7218, 0.772, 0.7595, 0.6941, 0.7194, 0.7278, 0.6703, 0.7483, 0.6199, 0.6749, 0.8114, 0.7321, 0.7865, 0.7232, 0.6549, 0.7389, 0.782, 0.6752, 0.7403, 0.5282, 0.7107, 0.7607, 0.6622, 0.6377, 0.7573, 0.7012, 0.7313, 0.7225, 0.7294, 0.765, 0.663, 0.6745, 0.7363, 0.0, 0.6242, 0.595, 0.6344, 0.8067, 0.7694, 0.6683], [0.597, 0.6705, 0.574, 0.6376, 0.652, 0.6585, 0.5885, 0.6117, 0.6186, 0.608, 0.6519, 0.5953, 0.6083, 0.6231, 0.6034, 0.7034, 0.6079, 0.5956, 0.5744, 0.6458, 0.4299, 0.643, 0.6591, 0.6495, 0.6016, 0.6607, 0.7066, 0.6662, 0.6511, 0.6523, 0.6237, 0.6379, 0.6074, 0.6839, 0.6242, 0.0, 0.6697, 0.6444, 0.6256, 0.6239, 0.6473], [0.5501, 0.6505, 0.6109, 0.6389, 0.6289, 0.6032, 0.5838, 0.6556, 0.6377, 0.5898, 0.6104, 0.609, 0.5732, 0.6821, 0.6031, 0.6967, 0.5476, 0.6103, 0.6488, 0.6983, 0.4264, 0.6514, 0.5933, 0.6843, 0.5864, 0.6091, 0.6355, 0.6194, 0.6415, 0.6489, 0.6361, 0.6456, 0.6575, 0.6198, 0.595, 0.6697, 0.0, 0.5824, 0.6229, 0.6483, 0.6323], [0.5602, 0.6467, 0.5994, 0.6259, 0.721, 0.64, 0.574, 0.6202, 0.6032, 0.5453, 0.6392, 0.6211, 0.6598, 0.6907, 0.7129, 0.8644, 0.5595, 0.6412, 0.6605, 0.6832, 0.4864, 0.6066, 0.5979, 0.6259, 0.547, 0.6547, 0.6653, 0.6274, 0.6144, 0.6194, 0.6244, 0.6173, 0.5835, 0.6805, 0.6344, 0.6444, 0.5824, 0.0, 0.6477, 0.6141, 0.6722], [0.5935, 0.7034, 0.7527, 0.7856, 0.6884, 0.7058, 0.7881, 0.7285, 0.7732, 0.6368, 0.7026, 0.7877, 0.7406, 0.77, 0.7854, 0.6642, 0.7609, 0.7882, 0.7261, 0.7839, 0.5915, 0.7026, 0.8053, 0.7062, 0.6363, 0.8403, 0.7669, 0.76, 0.6995, 0.7031, 0.7965, 0.6583, 0.652, 0.692, 0.8067, 0.6256, 0.6229, 0.6477, 0.0, 0.7807, 0.6705], [0.6479, 0.7154, 0.7381, 0.7474, 0.7207, 0.699, 0.7317, 0.7128, 0.9599, 0.6964, 0.7072, 0.7212, 0.7346, 0.7612, 0.7358, 0.6716, 0.7208, 0.7488, 0.708, 0.7516, 0.5996, 0.7797, 0.7359, 0.7462, 0.7023, 0.7364, 0.6738, 0.6932, 0.6658, 0.6825, 0.7722, 0.6413, 0.6418, 0.7087, 0.7694, 0.6239, 0.6483, 0.6141, 0.7807, 0.0, 0.6893], [0.6384, 0.6965, 0.6885, 0.6879, 0.664, 0.6731, 0.6285, 0.624, 0.6663, 0.6057, 0.7082, 0.6551, 0.7197, 0.6955, 0.6786, 0.7106, 0.6376, 0.6774, 0.6561, 0.7274, 0.5046, 0.6736, 0.6786, 0.6746, 0.634, 0.6705, 0.6695, 0.6976, 0.6358, 0.7095, 0.6974, 0.6122, 0.6126, 0.6903, 0.6683, 0.6473, 0.6323, 0.6722, 0.6705, 0.6893, 0.0]], "canvas": {"w": 856, "h": 600}, "links": [{"source": 0, "target": 24, "value": 0.7895}, {"source": 1, "target": 29, "value": 0.7802}, {"source": 2, "target": 13, "value": 0.8218}, {"source": 3, "target": 30, "value": 0.9575}, {"source": 4, "target": 15, "value": 0.7676}, {"source": 5, "target": 3, "value": 0.7303}, {"source": 6, "target": 38, "value": 0.7881}, {"source": 7, "target": 38, "value": 0.7285}, {"source": 8, "target": 39, "value": 0.9599}, {"source": 9, "target": 21, "value": 0.7974}, {"source": 10, "target": 21, "value": 0.7265}, {"source": 11, "target": 34, "value": 0.8114}, {"source": 12, "target": 3, "value": 0.8229}, {"source": 14, "target": 30, "value": 0.886}, {"source": 15, "target": 37, "value": 0.8644}, {"source": 16, "target": 25, "value": 0.7708}, {"source": 17, "target": 13, "value": 0.8029}, {"source": 18, "target": 19, "value": 0.8508}, {"source": 21, "target": 24, "value": 0.8507}, {"source": 22, "target": 3, "value": 0.8392}, {"source": 23, "target": 19, "value": 0.7775}, {"source": 25, "target": 26, "value": 0.8945}, {"source": 27, "target": 22, "value": 0.7867}, {"source": 28, "target": 27, "value": 0.7727}, {"source": 29, "target": 32, "value": 0.8333}, {"source": 31, "target": 32, "value": 0.8687}, {"source": 33, "target": 12, "value": 0.7404}, {"source": 35, "target": 26, "value": 0.7066}, {"source": 38, "target": 25, "value": 0.8403}, {"source": 40, "target": 19, "value": 0.7274}]}